95046
174468
369432
118228
370592
217828
161442
179924
260615
357554
207403
163017
199188
125980
6591
280831
12891
43617
196990
221198
32947
332590
264680
68178
180059
112259
7251
362071
34327
39307
263509
360142
302999
354820
222028
160795
298092
100967
21338
153398
236933
269710
353831
256331
177776
245918
186040
6018
2954
307736
308041
359092
262385
346275
224018
270296
289571
367430
96914
108865
202850
138261
59376
175469
4272
340330
203668
382616
388659
192559
362962
160649
75160
306283
196514
252241
274336
134574
291354
257515
302414
378820
392736
392480
156096
114725
276058
123233
59865
200384
172734
138590
398388
328843
262434
323215
46656
87722
144157
194293
110354
188396
198870
63893
288692
227143
155876
189532
72560
340867
375768
175640
390270
319858
362096
288253
313437
340025
14624
145475
35572
77248
136381
46253
335862
366222
107132
399926
140360
166264
35779
119009
393762
196783
104177
237849
253389
4651
14831
19458
218646
226239
54982
213214
208026
6323
289657
325815
396191
136686
196087
167949
23841
276619
52003
139384
392736
18054
390441
114700