103176
359862
327426
271126
123331
49403
25171
29444
41199
274214
344358
104373
279171
291622
139713
251387
11609
255928
115726
254841
391845
187957
367894
354295
123306
311117
224713
368297
138053
66164
53077
128446
344602
117630
89309
36085
7824
263972
358592
354161
323532
364159
345115
46681
349827
393212
75527
178423
58217
339158
78188
287228
66652
53822
280623
341453
217120
170073
107840
295126
160234
197967
243952
253205
109390
112295
319455
59547
126993
344053
186883
119986
105130
88259
247260
273091
3320
40797
89748
121036
105789
276509
107193
33228
60768
181328
149797
235016
64369
350755
279720
393993
151432
167217
88869
316623
155864
168926
42567
167387
303207
122537
111331
23133
197454
312265
353636
375109
165153
157914
311789
191021
318881
74330
283724
149992
102786
284652
132950
62416
82741
100125
299423
87649
343394
178716
273482
361766
54835
75136
395861
247968
171306
394860
245710
222296
224408
264375
279549
6726
373314
230610
383507
362706
74538
101455
1196
157133
133829
240449
300119
113614
302401
227668
238532
61366
380358
199737
195916
294186
189580
381029
229035
252192
378685
118900
216278
338657
222431
335337
152861
84475
378270
307419
259321
72890
362327
289254
365623
36768
307504
87856
233783
141044
366026
305355
281136
262886
119058
360081
366832
281978
155925
399194
104300
193414
185186
15100
361815
255891
240449
78359
213898
387340
143021
199346
206109
220917
184295
131546
195416
233552
189922
28565
228998
159648
328782
267647
323813
302475
28736
152006
9350
355687
362144
204718
296359
147526
263179
166362
133573
120206
339878
209161
15478
356834
243073
279964
3283
368590
154972
284713
21546
54591
359703
26734
93264
46852
258357
11511
375646
252864
391149
30310
259150
8374
29053
235212
392431
252912
297531
18091
95339
340305
194634
205975
22962
296945
266389
285287
142741
340208
101431
167571
87478
69533
7947
209002
346604
342637
234919
196441
158207
249324
100491
212286
164360
195635
389965
90774
92202
310446
185589
378197
323386
387365
291170
309518
14148
174187
13452
113858
228852
222614
263228
361485
349168
110501
138297
64540
221539
249397
351158
244404
305600
89602
263545
277718
285616
135502
290646
134000
7898
183501
37232
217084
6457
395068
328403
323007
279390
17554
297299
226715
178533
365111
92397
210284
75051
72109
366844
45008
63087
32093
312228
339866
364391
33948
199530
368883
296066
108572
189434
289986
64223
197955
174822
267683
245869
359630
17737
12170
21497
318588
143351
47376
221173
179497
253486
220343
246113
311520
122196
364586
128775
218182
235834
229804
393676
5139
240180
390563
181365
257893
157097
46314
298385
342197
333225
225385
55336
139713
283138
305246
155839
31238
389660
361912
98660
140128
223566
60487
355796
48316
245478
199896
188616
397582
252119
23670
165007
388415
129728
10046
239643
189031
276961
53114
60072
267097
59791
348106
361180
256538
61000
92922
110208
172063
86660
118802
265401
183806
292172
162089
10046
164665
190301
90115
325131
22742
103775
193475
362511
31507
224933
257136
281563
170061
244819
122965
11523
86037
314401
256245
2111
293783
300253
228461
224970
220026
97366
29139
288277
109830
361351
118973
127347
5163
22766
336912
133329
8606
345994
373680
182720
244709
295028
324094
30237
331553
168974
30957
127420
374913
269392
132731
129459
97634
362340
327561
152922
116629
297274
166423
46681
380040
345677
287496
138651
176982
21509
204437
320749
332627
346421
161223
134757
744
321750
365721
321359
266548
170220
314719
94973
172063
109659
322959
206964
176787
21155
368443
59425
265913
374364
366710
132523
118729
172161
186492
387401
149711
277632
319357
307394
34717
285250
315622
40174
334897
99307
299288
303036
230646
381859
274312
113907
178398
232538
134855
10876
102432
263167
291842
222296
334360
229108
228510
250202
312741
180401
97329
129544
255500
294747
270833
225800
17346
355162
358836
233088
344883
34485
204583
235908
341892
149687
372362
96401
357298
47914
238813
30005
108267
87258
964
231879
50953
374510
312875
16577
211358
322409
263850
333579
88967
188970
210504
120963
245442
361314
175310
360057
390978
346507
323911
293148
180852
32020
233930
67189
334629
378136
267757
265608
290487
104886
161552
190997
7226
336069
143339
161076
126432
162761
92385
80410
107254
288912
52552
350425
146452
121378
12048
180156
95925
267085
262031
160380
390600
199652
246650
163457
198773
258076
17078
231440
207770
139957
201825
314987
57179
251753
205938
125589
232258
78493
151811
163542
29981
335691
273653
384203
210309
265559
78518
364989
345005
40479
186236
235761
276705
35877
360606
234931
100601
135087
244721
153776
81313
28907
312497
131669
117300
72048
349204
64491
165654
59157
173455
288912
39271
282906
312924
4785
389465
236518
146696
98611
85927
123441
26306
29920
207220
136503
88393
243806
253523
269038
271065
171391
394811
20654
246784
81386
166618
359971
184173
44703
225946
106814
251167
274971
379772
296688
172051
107242
98831
289425
351048
277632
329001
385192
274556
166020
12732
309836
105117
264778
133378
332309
379027
335557
294442
376647
120413
316977
246613
290975
284383
45606
174932
236017
41285
52662
158586
355638
15198
299056
215900
291964
388537
311117
146928
107461
385741
379699
186297
376659
248371
85073
78566
209723
214007
210028
388915
170781
11621
303756
61293
53065
185857
359092
36951
73793
362694
65480
145365
250874
169011
100259
280574
124295
318637
120645
274996
384508
377159
319101
283468
170281
318259
4394
89968
398693
383947
71083
349412
89492
361131
19556
177178
46742
387157
389562
98806
59718
396704
69362
372240
386022
322666
143375
95315
79116
163335
140311
310946
123050
28565
344859
122330
336521
77358
34949
230951
9021
59218
107510
109622
31714
372142
354734
23255
84975
349290
253901
109817
245832
87173
332773
133805
177166
327805
173418
125052
61598
307101
116690
315036
42347
82290
330124
183452
333652
50782
301449
227399
363145
172759
20545
265742
308871
10388
312106
291048
193267
95791
381517
81801
296688
140458
36646
387243
52943
198602
247907
297225
389416
296896
308883
9997
274129
243110
60548
9875
32483
326132
241084
267708
195867
219977
223981
76454
44874
4101
206988
134525
209588
212714
314291
289083
289339
25391
74465
152128
254463
111709
336863
1782
192718
42200
288436
381139
362633
378283
34266
207196
116324
153495
203582
202728
54567
258772
244087
262971
376171
244013
67238
370226
184441
248591
306625
68446
313327
373339
252192
110623
35328
6286
322800
91177
214215
214996
139457
76149
64577
117606
261946
43458
80971
345481
251130
345847
299130
109549
319626
208966
51661
183306
33167
277132
380822
314450
125406
219244
70693
178130
88247
207342
61659
384008
732
80324
9070
249739
58510
205328
149223
53382
266695
249250
234723
77162
158439
272957
301901
155241
201849
360643
232807
37733
357640
396765
74184
283834
250044
203277
76015
396130
13611
49427
12073
309018
278206
146684
344969
343418
354710
341404
398327
140372
284188
217609
98379
86172
212726
22425
47730
141239
354564
226667
93496
385534
205938
133109
352549
192767
272420
144865
56337
346165
171758
106497
177678
207977
375218
330198
2063
255488
249592
119644
6079
95876
62550
4113
5236
272591
13696
95132
134012
375463
354014
378270
20166
167375
55934
152677
116397
239790
96926
30823
151200
109598
18604
110684
262092
270064
224286
133280
173064
107925
277278
37794
379259
199676
62428
326865
301120
99002
73549
254463
170586
128312
88955
49098
11755
286532
97952
384496
78701
385937
340488
110477
112662
130277
322653
256624
181426
46900
70448
120914
63112
385229
284334
256123
337083
94058
256990
166374
144303
190533
217011
326291
379833
32703
160698
335386
79689
8691
234809
20020
364976
354747
332456
95620
105276
14539
364818
1428
64284
52699
71205
320517
89895
334336
229840
197369
111294
383812
131852
365733
305600
334763
381261
198980
396594
84047
282992
195782
247895
162114
81850
313303
113187
32239
114737
360594
306088
131254
338584
64748
251802
164079
296591
222028
283602
364732
185381
146794
146134
236201
285177
30506
368309
281783
216022
223444
68239
40247
82094
51515
152763
337498
166911
180803
273848
266975
41749
342197
104629
11743
149882
28687
97561
20215
329123
377904
286898
48377
335032
52150
298336
181023
27588
128763
328220
144206
283504
13025
254658
221735
296798
186260
243269
88052
330320
201568
9912
69972
380370
139750
102981
349876
217206
337900
367711
222772
63808
3064
154948
119779
175395
323691
237153
110574
182256
291085
193646
397131
58400
43629
28174
311398
378356
346214
180803
129520
124893
217072
296896
214777
109988
115079
115689
201983
271492
299496
40821
335898
108169
174980
355455
75881
115530
234162
244294
79628
284823
10498
385399
278133
327939
53627
273689
154655
90530
140055
39295
340134
15979
131327
322775
37403
122513
92483
369798
186919
156193
83108
308053
86245
182244
233564
168559
176177
277034
318832
14026
305490
183404
242597
136747
187334
391796
243903
88528
159416
309628
238996
305209
160588
181426
310849
288045
236420
22315
158793
304855
86025
227277
320883
172991
163005
318539
181267
86965
242622
93972
375450
253083
367918
38660
205450
293514
87307
62196
77822
382592
96084
224372
376720
277413
194134
111526
384630
205682
72829
126322
263325
172905
43153
153190
107412
51747
217828
62062
283040
215851
59681
312949
264265
280684
9192
323752
179607
113992
303195
63856
281270
278206
297579
136051
149394
67372
206463
209137
44166
301193
170183
263911
217889
238520
164665
114896
199871
172954
64845
70339
266316
272872
174346
193035
308029
28577
334128
224311
308163
68996
322544
33985
42616
310263
59303
258455
215741
198992
325827
189593
243476
212543
114505
176970
96804
378746
119388
5847
217853
177703
80751
113406
121036
388207
296090
305807
92007
41016
209991
38465
196649
241816
395483
122269
212762
26111
39173
317819
296945
8716
242939
280709
399060
190240
54347
319907
236884
83108
338694
232013
243501
319626
4687
273775
99636
304538
96865
135343
63942
274727
266573
376903
113150
328257
334592
190923
105069
385631
257600
352940
376696
45460
10998
22815
389916
297262
300741
259602
37452
53675
16382
111844
21423
264815
138334
146452
317075
177043
11157
78249
334104
98941
96145
162712
188225
36597
314975
214654
295431
161149
97488
315060
301181
70644
45765
268782
157548
9106
127213
275460
360325
205011
308871
276290
158793
291903
145817
38978
350791
173393
35950
243598
275228
295406
253523
231586
14954
287679
74233
280684
222199
337583
304257
67970
179082
258211
325461
383910
105972
213751
169792
159379
329807
64149
334946
268807
125199
91982
253828
171355
40687
73769
130704
52943
122562
258357
255952
131644
248896
14770
112466
188689
186272
112234
185796
187945
381627
394579
390771
246015
301681
11682
27039
15735
132718
370653
375988
145365
252790
368700
51515
276107
289266
70851
217389
240412
173882
394531
183257
123538
208111
163689
92263
250898
151029
95022
12524
363744
342466
278658
144938
245466
73671
315915
259968
261445
218378
276558
275826
74404
136185
38135
90542
398254
261433
369811
180474
52552
389452
123160
277694
380407
273177
92715
38734
92019
142350
308273
217377
196624
157805
121890
253706
85073
13464
251899
392126
25879
98599
146427
240815
336912
232526
228925
285067
95315
184624
388305
266951
48463
391991
276009
144059
187896
287154
372692
339475
249262
248615
186870
195733
354
186333
148197
145255
380187
375072
357652
109524
350975
347727
357310
39808
126297
261433
282174
311740
37305
148796
356529
286288
99710
266756
297286
349644
344163
355613
386864
144560
172307
220685
178167
305526
1232
249262
194012
10339
258613
274971
183635
60719
191070
202533
98733
204144
348570
5017
151481
9729
6762
106387
117154
10425
190398
161528
243745
24219
359837
46595
331076
166618
223395
271968
142020
267146
338023
30249
108243
2172
160698
92165
292867
256758
13098
362352
172783
27686
22144
107937
2978
180706
98684
272347
325363
373888
17090
286544
384618
60084
58058
390710
13586
280733
77211
278316
150822
363512
261983
275521
152336
236494
239277
268196
260823
71144
196453
189007
194000
366771
278011
77309
215277
188811
320615
324094
48817
273604
188897
114566
1635
312021
374510
280990
55250
324497
320981
178118
89394
240021
136869
393749
200213
391491
359678
107022
275484
239936
233002
106802
189422
40235
359605
282772
179485
360716
192547
201593
367711
169072
227362
380846
189056
397302
157280
73012
289339
98013
54383
372264
55140
104605
238972
56117
138285
107901
99722
175176
337351
61647
327170
2575
198614
229450
22876
356443
299227
385583
347019
107266
374706
82241
166582
283126
253608
95718
167046
384862
161638
163872
89651
124100
357896
327671
357054
396349
265498
188970
349766
301657
259395
197344
195831
25623
273616
78249
336313
392944
390600
115066
129020
106070
374987
397619
153141
281661
114517
149565
276949
97061
330491
247199
151481
359556
320041
242121
192388
10583
93252
200396
112625
377953
67116
270552
268391
187774
78981
292989
80837
149418
82216
363328
396118
125443
286214
262153
46119
99221
303549
263618
272640
352732
266646
35547
77077
66957
276424
143351
158732
157560
345506
70400
103628
358091
398510
67275
86733
363328
91763
342503
149931
245490
15198
107022
318295
355320
38563
385314
217120
321054
364928
305172
252241
157390
253450
379064
216156
297225
374413
89297
182378
358458
158647
89712
350621
258552
104043
336094
305270
289120
1513
58131
349546
163286
243171
85317
178081
48146
374755
239082
350193
394909
55372
304000
226422
379137
186663
90298
230915
163713
173870
300375
102066
396960
281637
111563
193926
158354
246723
388012
290878
364452
310299
33753
198126
247431
232221
399890
170500
318869
49891
57936
241938
231037
144157
52381
118301
148503
374633
344383
296066
42298
247175
359459
69093
319260
275887
351670
286373
199005
102029
96572
122952
51136
332639
25696
126651
105069
60975
114847
3064
144914
231720
38831
201422
202203
12988
305136
163554
58595
338120
278902
298825
371398
179168
11975
147209
34034
115311
188238
193304
184490
357969
297811
193401
273519
195599
152812
278560
205816
20545
56898
95815
366246
100357
341270
250251
343650
56129
379515
110306
164958
10425
193951
238874
51832
167229
365855
312704
112515
186346
162016
392553
381347
314999
390270
6604
218390
38721
96450
109805
281807
214557
15198
381249
85280
48524
287203
122489
353147
80300
155302
19202
385668
137382
352134
228449
47022
221210
291488
54322
188360
87929
376207
274422
318539
286129
334983
179485
135062
14075
300460
388879
127665
159111
341404
304379
266975
81374
361095
64723
390929
104751
74806
263386
101272
277278
178545
92226
182842
163481
21778
373363
157768
231464
96548
141776
387597
396838
255476
41395
135380
286202
371178
396691
524
382824
349656
22742
138773
216583
209930
36024
279757
361229
342796
328513
154863
891
260786
167448
347654
28894
352159
183562
179436
240900
151249
9936
242512
185113
37781
34253
193633
232148
277462
326731
220026
26795
316623
6347
390612
84328
243183
107998
304892
93935
126566
12707
51991
91555
348948
103787
92349
64833
240522
311215
274544
152641
131046
6738
399804
201446
130448
112466
146647
41468
350657
84939
368272
44654
281478
237739
374925
127298
32825
64711
14062
359654
355894
226642
360728
145048
155632
63478
230304
331162
7263
295077
326792
15613
389159
372521
238447
8825
344517
142899
93740
316220
84597
89785
89895
2514
45863
211896
106643
646
313339
202752
217572
27576
123062
193438
311630
169682
155937
321225
37391
300216
135343
386425
82375
291268
41297
260090
399987
182757
253486
304977
396728
70937
135660
72206
292049
78981
373961
136368
263252
172075
181670
131192
188128
179485
282869
248762
197772
186248
387462
64210
52003
56874
70119
349021
349986
253511
165703
134794
388390
311203
393444
290572
79921
332688
322678
275692
344346
265181
192413
131168
184649
321738
297311
371642
61000
109585
252583
240730
174724
228058
50294
192168
75014
298507
219537
259138
200787
388769
203082
174468
170171
194647
262874
104080
30140
141007
26978
256172
78908
364720
190374
228803
273311
142313
82229
358140
33948
124637
11999
330002
260554
340916
307040
117288
369811
334971
353990
105557
168511
395959
356663
269454
174333
246113
322849
62392
196710
147953
192437
82106
190374
393700
19531
374315
394152
138993
120902
37281
367235
343882
103408
189715
335813
183098
282808
164287
62233
88613
6372
189532
249324
386535
392175
22547
92397
291048
396887
394933
391442
218085
125394
334470
235883
180742
294027
25196
274605
29432
160295
268172
183574
299032
31592
205536
143583
225434
265169
370372
340708
94326
72133
324839
301937
84389
37818
349119
78347
367479
71022
43556
288644
228437
294698
106692
235041
166960
190520
151493
304647
343833
309897
22376
268257
134330
263826
275582
89419
151200
104239
85232
56080
299472
9155
237751
47511
25965
184344
276985
348716
325852
293807
262691
225128
68568
331699
204766
269991
205975
248176
35706
336692
24829
241657
383983
269026
206537
229902
210516
41383
56215
12610
371105
121756