295052
83059
374938
336826
322775
197564
132877
275008
323007
170
372154
244843
263838
86843
4248
13562
338291
394274
271663
96182
74184
120426
36097
340513
29102
289681
333323
312900
83022
124832
306735
347410
141019
188885
32447
320578
58827
258613
348252
214606
203375
92873
398913
331223
260994
257759
210528
18921
105923
371446
206146
375988
341294
330942
175371
191595
325388
283468
10303
188042
95510
104837
320517
25940
2026
147282
39246
335398
65016
19470
333713
235309
66164
360936
331626
203643
388268
373534
376769
360814
214801
72524
325913
28858
302389
19617
199639
229120
138126
300534
299557
180352
294808
309628
104470
260383
196124
304074
257930
93459
104690
290023
159685
225910
345091
3283
273506
52467
174626
347154
63991
56080
114249
49586
274788
223310
152104
302597
60536
298104
32276
346031
85500
136393
41126
358445
100869
223859
103872
217548
113589
219513
3735
92580
59059
387670
136320
231342
290279
180523
11597
304098
195770
34156
316074
67165
59120
240253
147575
108487
272261
156071
35267
37623
215155
15271
357261
83010
114517
202020
168340
258503
193829
250740
50526
262068
27283
34339
398571
269051
10156
203131
353196
182366
258113
336948
394592
302328
47779
273177
208429
178386
311459
273030
37049
205523
297970
288570
328427
327610
112686
393017
295113
10242
248738
236835
195965
245808
222235
392223
353001
152812
223895
248127
115897
132450
299557
118802
186614
144608
172099
228022
316782
265938
217267
231513
190069
92385
305929
340354
302414
148918
225177
107473
252229
268575
390929
340037
53395
103665
164336
200054
283333
331565
84682
155839
278719
117325
131144
46656
191473
196063
325925
123233
117264
337217
191375
326523
109256
153386
173491
67201
289461
16211
344260
168559
70278
241792
295480
35023
98721
108035
336497
109121
335740
66725
308273
279110
283162
312485
126407
299887
370983
271248
365611
89797
117020
170867
197943
365599
72048
56202
197637
278218
362315
211236
124710
111905
42310
350694
400000
109024
70314
343748
184124
283199
118912
232245
372862
283260
33240
305917
21375
170390
149430
197198
109988
371166
85671
157988
363609
68739
218414
281014
237836
294967
256233
28211
183831
185662
323899
228583
304586
261726
169060
308175
115115
398547
304062
114517
119168
346128
295455
298117
114603
62562
13660
213483
140421
123270
255354
102188
177544
268489
150761
120487
116067
351548
168974
173882
101406
150468
133109
321274
371825
305355
258320
111185
299911
43934
224848
212482
150431
358043
298788
302059
67104
293307
312997
172136
200750
214593
120670
19592
91409
109830
134049
79812
16797
394518
360789
367479
19714
79482
150517
287044
126834
164604
263997
75148
271407
320639
277498
237580
232380
321848
134769
143241
102420
291988
59230
337730
397338
26075
38770
138822
319382
250325
295724
276656
87014
82961
354441
140739
243549
358336
119168
196710
257197
276705
174443
334922
124991
242426
320676
313705
93215
352855
357396
259651
206598
200531
126700
187285
399011
251191
29297
100967
38087
59962
225702
41175
36158
388500
135160
37916
40186
85171
44642
133561
213019
391332
40552
37842
118607
335557
75576
177312
223676
278914
383165
101773
128141
73317
52211
10376
237128
95876
174346
159660
186712
21277
176458
316098
336240
395165
150724
15735
39417
270638
195013
193414
206891
370702
375719
143815
272664
238813
325913
377318
276985
40333
91079
132596
178130
277254
35071
109060
305526
78615
218573
381005
266902
129288
262910
56532
221710
99563
111380
243452
233527
237885
300839
84548
13904
189519
155778
225189
370043
303451
117838
275130
268855
89980
222663
227619
30054
291732
137113
397875
160576
30335
369103
243610
342832
291512
62501
230219
89529
10766
189886
302780
377306
22534
355174
327793
171684
335019
19153
66811
356175
393261
360093
44691
177507
193157
381908
74819
319992
308627
282650
3857
121097
294515
95535
238605
241145
327976
215192
217291
299203
350389
221478
387975
388024
372777
213592
256416
380309
206866
266707
66066
338975
284493
223822
272444
343687
227716
235297
374694
246443
32337
258491
66579
68459
127103
130033
269588
351023
371178
23401
210431
372679
252461
103933
105752
345469
349217
394189
16235
302365
117300
61806
32801
188824
65907
342747
357286
270589
183977
311874
40211
370458
279781
113943
138090
246504
96548
67213
52662
24085
66139
252082
14819
194439
163603
197491
75380
91933
125003
77480
165569
362974
91006
230353
389403
338670
138810
13037
110647
223944
164763
3100
196881
215570
180339
160856
182927
61561
83828
364220
316489
374547
170415
328684
248139
11450
242890
124906
328598
32190
185796
306564
75185
149711
265218
60707
170696
183892
16943
393420
156462
31983
385436
363023
182683
267818
375902
173516
178154
82509
82387
340659
2111
279036
153984
343125
340574
33191
361900
371446
309616
333567
129728
387011
328415
12683
89602
103750
224079
82424
326596
105044
331162
285421
373802
108096
348106
375731
220868
188750
113321
40662
198174
178655
263216
376708
199395
247859
134757
31641
104702
284835
75173
125785
267452
286861
321030
264510
326413
172881
9399
154667
6506
31617
83657
337498
170195
17371
56129
150346
182122
105874
390478
29908
249665
122855
65846
269234
1635
257820
285909
141251
367906
75356
294552
301181
22095
236701
261348
380260
250325
143949
399035
283529
307980
119339
75380
303903
327463
132328
82265
165202
239082
86696
224152
106558
167802
80385
188677
120780
368272
50465
261690
59022
160563
15747
249446
314511
329331
329612
370177
197528
48548
355357
77822
114407
394775
176897
180254
262886
310922
156975
214484
356334
283626
155558
41431
289486
396057
20874
22779
257991
19275
365733
342283
244404
204278
41273
234101
183062
37269
121109
80788
316440
20801
7947
343150
255244
143131
275484
284713
255159
98416
257820
53273
22266
120133
199249
281844
160014
290365
376464
371788
370043
387194
206060
20325
319382
133121
149687
355272
86635
306588
229316
39002
99551
179290
365160
304867
276424
141850
348777
287679
283944
180266
263863
211627
224054
265535
367101
197454
62013
119193
41737
251802
308578
17029
36378
1049
268416
93691
1232
132169
367516
210419
334763
103128
72011
248713
352818
85329
310861
92190
192986
100564
314975
359312
66603
315024
185210
349204
270918
252803
301828
263509
373876
91445
87771
166325
184136
202105
38477
345054
118668
96560
330478
334397
380541
143961
321384
66273
159331
19421
253975
7934
266792
47315
276461
150871
20044
201470
91775
313034
185015
124930
348289
16748
392492
131827
284286
5078
39283
153666
339072
58778
287252
192681
242793
376683
172185
44788
97769
381701
35560
254512
163664
215338
91384
64345
59132
382811
140702
321445
292306
11413
246235
303415
32740
384899
379686
26563
37256
215826
54249
198406
242133
118985
354734
177251
134269
347898
177788
101431
213776
57167
294894
350437
260347
153178
250471
100589
316208
395422
107571
137919
97805
11255
53859
90285
349070
86379
280123
41761
248371
193572
143998
291500
382152
322226
231366
19519
197198
171208
327903
222174
244489
67409
113211
79555
126932
372728
390234
117471
63405
41554
62160
126407
181841
391955
269734
97
253584
352195
100918
256050
381786
45838
85940
634
156096
177593
289913
301229
386339
82241
15601
327829
127518
299642
328891
226764
308835
137723
19336
88906
278963
86550
208478
174895
180425
345384
218158
159916
265144
125748
311703
160527
64137
192657
320041
105984
123441
106668
165617
216608
18982
229169
96450
351695
162956
353538
242817
189410
313950
224481
109012
1330
303598
208221
13000
383861
292098
175957
285958
309274
65102
63026
244599
258809
284627
166545
348716
200213
6152
243525
356236
372399
174932
272615
88515
239558
213397
341331
18347
377355
212701
121744
292941
253669
240522
196917
204766
266292
77883
100552
322446
200225
97305
132499
94241
66994
194866
212506
336936
288509
288729
34754
222016
387841
96462
185723
172368
349729
103946
87697
281392
212958
237995
30787
67299
57338
155461
355467
375267
347679
61342
248579
39417
397326
368102
15100
117764
113724
309054
88064
312118
388549
218109
239448
385729
94668
388366
254145
391076
253022
22193
329892
120291
131095
385241
65382
390807
236274
76650
299191
178496
166008
128495
261934
211224
277620
46327
304293
234797
340110
103836
263264
164213
130484
203778
129166
332615
337131
217902
276021
250190
332712
118240
317587
285970
379125
12329
251802
84621
26892
394811
155925
130973
271773
327878
94985
274666
30664
263350
106033
27442
99734
18359
320590
45667
357017
217706
288009
10425
171953
114871
361998
317783
184624
104690
212982
391772
216888
239716
128800
232453
278133
263142
166008
11694
227961
70522
14661
329062
258516
112991
238789
340366
158745
254316
155082
371434
323325
194378
212543
229425
68373
371581
135209
224420
217047
56630
290816
113577
316782
350279
347666
180486
251411
397387
282271
62160
210065
129972
200335
336228
375707
251631
33484
80666
295748
375853
374266
218927
97048
30750
311862
262361
308151
242780
331321
263179
50770
11658
138273
389794
363658
189434
272151
337424
20654
275765
170036
186382
206060
242255
343919
120462
209308
98086
133622
217999
101834
109598
298129
128092
158415
386327
307541
244489
185491
345786
398461
189617
119119
369896
255073
221271
254866
165080
378539
174443
72292
138993
7141
350865
16431
305917
49781
168608
398852
233722
95132
184478
180632
144755
359227
101382
200067
283028
33655
373570
7153
260347
97268
21802
67873
293893
53407
271407
100283
47645
255586
225251
105252
190313
83925
184600
54188
381969
34839
29969
396411
2368
386486
274727
148258
132963
102554
3735
327182
305380
236823
109842
292391
128788
300924
40296
355369
108780
258003
66054
222284
170049
204583
86013
230951
195416
3222
179094
144816
293978
128482
316379
66505
310409
388622
45875
233332
288399
185650
362608
257441
200311
176079
176067
172905
255867
195025
388195
252351
102163
106045
393627
355711
227680
39271
15442
173320
282552
280355
88369
326303
27942
72585
302133
86208
26648
395019
317587
76943
187701
378527
367918
121024
77321
23023
157512
192950
308883
77748
271016
242170
124124
147257
104971
47914
78444
285958
134733
68776
142435
343150
128910
49098
132438
321579
324045
345078
382482
11597
371935
332737
370043
363695
272103
60597
8374
61757
101907
309274
117606
159721
356859
20581
387267
243842
113492
258796
142765
183367
27564
66261
228278
131949
179729
176250
118472
42335
181450
345152
171697
156852
353587
266792
337070
136173
190118
231354
27942
288839
119522
291109
74330
164104
376268
95937
266670
370519
195062
160698
203558
82802
340147
327207
155815
99575
182329
183208
59596
314255
336155
964
150688
261726
69655
157744
152958
3491
99404
939
133011
13354
383104
120181
333848
126517
322336
189007
299960
214459
188042
338486
206207
248017
381139
225507
303280
11377
140702
157963
191827
129215
312472
39588
238300
269685
189776
96707
44361
185674
239912
349571
283040
256904
327915
390758
13428
395141
50599
33082
187212
375402
393334
389526
258662
55287
121756
347605
211358
145182
121378
1025
113711
391637
297213
585
315854
236664
246076
387292
451
15222
314072
269881
400000
153532
251692
309555
392895
30579
79152
173992
391039
365550
374303
123661
231293
393395
195684
92422
183306
91299
253340
225360
386303
318393
339719
235993
227216
331150
233185
345591
172869
337192
286812
367076
368358
149858
114700
95803
114468
6006
388561
370030
136527
209588
156828
363292
157036
63576
299118
71401
84829
352598
328098
356480
133097
238898
351780
310348
178740
34058
208233
300241
75783
309054
385607
58815
35096
4943
339707
181255
382995
7055
21863
391979
211285
44752
229303
143241
231293
179631
390734
108462
144169
344383
199652
132328
240156
395031
107730
200714
339255
138895
290853
392358
185869
200860
300363
375292
9692
390392
211944
10144
165715
31873
284664
23145
165398
120743
342588
310910
11975
167815
291744
40003
152031
394494
184514
303451
155998
141190
44361
296639
40113
351597
263155
175530
342258
195110
383544
359154
64125
90249
279183
39222
192449
391113
344993
259346
311484
399755
310080
326145
19495
166899
85818
114993
261641
143253
261677
232795
291683
344273
61024
200177
175188
90591
369786
215900
146623
386852
50074
265608
332859
1123
351658
137711
155449
107889
33423
108865
124613
156498
7629
261299
136759
228156
119168
194830
188714
143510
72658
295858
20715
183672
319528
325888
781
86880
117862
92068
163139
383568
177410
362303
112845
332102
302145
387365
309543
117874
243049
192510
242402
378197
173650
1245
9167
315353
200482
153434
11487
260591
121451
280636
79152
351292
44154
300802
335789
383910
277034
395153
318442
105301
305502
129435
263582
204742
65871
282393
271968
69203
129410
343589
64931
164531
8984
43348
244660
304757
939
277266
170683
72316
174565
187615
165520
251496
321774
164482
361522
337620
79409
328745
301705
184575
236762
259675
7031
53138
40601
329563
222540
322531
310592
7885
154826
327732
377062
297482
13611
385155
254255
65199
269527
69045
61000
229779
140861
1208
101651
368980
21839
216473
19617
108975
364586
366405
36146
258186
127677
23889
286617
48097
103530
350999
67128
243720
237165
192486
203704
85976
248957
257783
356590
228705
273714
53578
72255
32618
28699
29822
195635
178838
23096
1428
254817
164470
121243
308297
31104
42652
172490
376061
126639
369750
19727
340232
142130
121878
399560
396020
77333
143729
46095
336436
366649
291695
111502
341270
162358
234125
15088
279232
78017
71120
234138
185955
204596
336326
148344
380285
11560
343272
50917
281221
145927
38721
238435
388402
341135
325669
292086
88015
248811
218085
262947
147379
205621
190594
73586
159941
347788
84780
48548
203814
285653
135367
86294
175994
151103
278157
385045
64870
29981
302682
34962
223480
192242
11804
389416
106118
332200
350889
327353
130704
231501
268929
319907
329380
57203
274324
13208
49916
307553
247590
240119
370482
17810
73622
173442
290023
38953
256074
132987
357103
1281
276082
359105
399401
175835
258198
264949
216571
45912
105825
80446
298800
1306
68581
199896
233710
367601
104300
146086
264058
183159
398022
63319
58607
336350
463
251911
158964
275313
348704
56361
164470
102920
231134
20264
318076
69460
159660
219843
155363
75344
311313
288998
79470
396606
1940
48316
324143
245466
54469
250434
367662
178606
24048
354222
60109
165556
42909
40540
326303
129764
47144
181817
307016
374840
148026
377977
1074
308371
110403
371373
70668
76039
100613
53065
272469
318271
266377
173088
176934
262031
111258
66969
38575
160417
26197
111319
279390
292269
340549
20703
247993
134464
255024
298519
317246
319467
19421
354173
382494
190325
317209
199310
23120
366087
219574
35267
189959
329673
71718
244624
80849
50953
273580
98941
267146
57570
317453
95681
133304
165776
245381
236237
292477
84035
88430
358116
40186
101736
250520
33338
108902
275569
399279
145951
385876
326035
226447
60707
56678
256697
40357
95815
237189
308456
152861
12060
156181
261592
223273
30811
151274
297933
322006
293478
140726
235615
76003
74758
33350
149113
58973
262459
339402
386864
188348
16089
244550
398962
92056
316977
209820
387719
207159
122086
359703
393200
173027
234540
121024
26465
81667
202777
375206
263020
347447
161284
386205
108816
158854
125125
366771
351548
274971
250984
345554
9448
128678
177019
197308
90420
199713
154155
299105
273628
19458
81337
74648
326401
370519
357115
289498
268721
43128
260103
359459
297872
111246
171001
134830
85769
90578
148380
222956
61439
141178
370909
311447
291097
77004
358494
354795
368492
145194
84865
86721
327793
337144
294003
120816
391735
394238
332993
101944
367332
70619
13794
370958
101797
215485
216473
205108
211114
237311
346177
296932
93752
112771
156669
133658
42054
102554
52809
340147
63722
336826
184197
247383
226093
232563
42957
349473
335398
305624
77907
311215
163811
339671
237434
189068
36610
74697
154057
327976
191973
377660
282662
396203
325949
257441
305294
221283
135074
87075
114761
89004
269209
395397
89736
368309
106912
190594
373656
124369
166081
178606
270076
182598
362193
38221
267036
305722
326657
315939
202581
346885
197979
102713
84499
240803
97927
255342
276204
295895
305417
124808
361632
249531
340501
354197
201593
149186
171135
108584
93960
321811
154985
99600
350242
293954
128934
166801
1110
325290
258711
378759
143424
217792
61256
16101
40870
263252
212164
199163
291402
191570
350828
122464
373204
182354
295663
259028
82363
202240
282137
96414
174309
130521
35792
167546
121585
135599
293063
338377
300741
164665
182110
115189
120401
9155
76430
133951
203436
8545
133585
194073
135343
254902
131546
199322
291756
360643
15247
168205
57142
52162
365782
76442
147599
251802
204693
93850
149870
110379
146086
378441
189422
53248
308676
189812
239887
301950
200653
284871
386327
134244
389648
357762
355015
144975
370372
287093
22083
370006
42347
152531
13538
136173
10449
183513
109256
99417
120377
2453
163298
333640
241999
324973
53212
132938
312717
79665
170708
189605
53517
109952
166216
10339
170268
20386
259883
33350
252510
130021
31458
108609
382531
295297
201641
203973
67043
365025
317184
199627
304049
29773
252595
233173
397314
28467
40638
58119
131034
74294
344236
78090
117178
262837
82265
119363
127896
124637
321921
204144
225739
84841
149687
187090
103836
292306
34034
117777
248933
380809
391784
191216
339390
324753
70986
149345
91030
351927
62733
195696
362974
75746
354283
85866
136246
9607
36146
56324
377501
25684
175591
253901
305
320810
369042
328611
136857
251850
85830
252278
331992
203241
115970
25428
72585
248799
34192
134965
64638
370824
193035
25049
270332
398596
157219
43897
317880
28907
91994
128763
96475
291207
217889
291732
148979
19629
44300
168779
74648
294747
94631
294686
154582
17175
235163
366075
12329
375841
120438
355394
322177
173149
267586
138090
177434
169866
71901
295626
131669
11841
76491
156669
324802
301376
8264
139188
106985
175579
292770
55775
172771
154289
160527
44715
17603
220001
57252
189385
129837
92287
270455
288436
130106
59389
284908
239204
271102
129117
379662
97000
309775
262019
378807
272579
364891
248860
268709
130387
172112
395373
394213
250239
149296
376281
346116
214569
284444
221552
252668
384154
258772
397119
387450
324423
17468
142545
6030
345298
200640
228412
124344
16504
46803
95535
350572
121500
181707
338853
83681
311899
304586
98245
190923
125296
384801
319003
276497
28955
180962
44203
54310
151615
95327
301693
337144
166203
175749
348094
154521
385741
277864
32288
312326
335093
199908
241035
305954
60975
2673
389025
100161
42786
127164
115958
87685
166606
322336
153288
339268
25074
195550
322824
57594
205584
398217
29981
347764
29102
58949
14014
16382
202435
277095
317807
312411
246186
88698
39613
321616
361009
317758
229535
127616
394665
125113
292733
251789
372313
67458
62404
84511
52650
79067
304770
220441
372313
188592
218402
210040
240961
383581
290816
240180
349803
235151
274495
255977
255781
295309
244892
236725
4113
279378
103079
338023
151579
46168
285299
213006
253047
388280
242194
224860
73879
44923
249909
263240
390563
350181
315866
77187
42091
328647
141471
36902
94692
51344
304428
236860
182317
264363
222980
52931
285323
102481
264827
65846
210138
100613
362926
63637
31958
315317
100918
235383
163469
368980
230597
68898
311618
29163
183806
64943
385351
335642
341489
380138
216547
287508
22144
311423
356749
302999
352500
334409
12146
264510
182451
208075
379418
161174
207306
58461
244709
341660
259395
353685
108609
189605
131705
82839
99221
234235
96157
251521
336045
108572
278829
5871
207232
167925
254707
98489
22534
380846
24536
207794
304623
305417
136124
24170
180986
163115
112723
214777
139420
22864
150920
379857
209039
307687
50587
112979
29663
236567
339341
277632
272017
213959
353990
212689
271138
379442
241657
379430
135648
130021
42725
162273
195233
27613
18530
336118
48939
104190
185894
312338
76760
377025
21301
76503
76943
386620
297128
129715
291720
369884
12256
146501
283602
80788
379979
61586
125174
271358
35035
298080
164531
45155
223187
49501
229035
296078
134842
328366
129862
44654
346055
293453
329856
284664
128836
368736
237043
152250
193658
265974
186651
30335
226386
223871
173638
573
382250
376122
198736
255500
99417
160771
90139
283407
194524
283626
63527
238227
2734
347898
282845
107254
324948
262910
284347
88869
344322
144132
126529
192999
75063
17126
128214
76662
105606
37940
257441
327317
198821
142313
33704
206183
111844
236396
5932
264363
197845
241315
68739
44007
352403
304196
79433
77248
66811
87978
38392
395226
151066
252803
95132
359715
88698
241132
42701
30018
386364
279451
162858
277510
280172
108694
284493
260213
161857
356260
117886
270174
286776
261726
127188
165861
326487
69215
3747
202410
128385
198443
2624
71767
244856
307333
205035
165764
194451
358384
168865
74098
217572
1611
30201
330173
89272
386339
317978
16919
351512
314230
344431
245454
327414
46522
33887
118729
280184
277449
252351
392956
78908
386620
100210
249092
134012
282821
230951
387072
164641
351768
257991
255122
360667
220160
112332
226801
101638
48719
213556
138114
395361
266646
316525
197357
398388
259859
296371
80056
181157
325864
334336
221662
100112
207245
166777
320236
139323
116873
60084
261970
384166
366722
373827
81752
389574
313303
374559
171404
205255
331931
363133
348118
20447
332358
177642
195489
390807
128409
134647
89785
9595
373924
271260
123783
186248
177642
350462
340794
194085
109585
92165
291378
250373
311142
92654
125186
290719
21765
94717
30469
100589
234467
271102
233735
166338
192718
183721
371996
8264
241315
281234
50355
158171
143595
197235
197064
144035
177593
311923
228803
244111
123551
39368
238642
173125
255452
103250
19116
63014
248786
263155
133024
100637
117374
154338
44276
185076
291573
303244
121488
366905
150248
181145
126700
232062
119363
358836
201763
392736
249360
24292
164848
247700
383886
126432
329660
374803
32544
206878
59743
117911
260066
382677
70571
330918
104202
142252
291586
241206
235261
217133
101113
395324
369371
391930
346287
248945
348216
315134
360643
364073
197747
173235
191998
175640
278157
290548
52784
90249
37842
117300
5749
79311
83840
68630
297091
329380
80971
276754
149967
111783
392651
118875
230500
34632
375328
183562
199017
238984
39600
137711
158940
102273
390038
156877
215802
11243
356480
181402
158940
366844
29261
260798
278328
383666
110818
248860
129105
246516
96218
112198
256233
386376
295065
314426
91750
238459
207293
338608
237360
244868
365501
10657
344431
264107
156010
85866
4345
150309
331455
361241
261470
64418
327195
176128
361180
279879
294259
363682
145622
45326
360997
315524
309689
66994
236359
22205
129520
172905
66920
352049
76247
321762
60377
230561
127335
118778
187945
383361
388195
201141
278170
304745
36255
255378
214569
114566
463
229377
149833
365929
188128
301303
48805
266096
272176
168230
72878
173223
50929
16589
318381
31421
393127
137345
221222
6482
380443
348057
140653
184978
60390
184527
234223
399133
21692
224567
336777
239887
4907
306088
355809
320932
160637
202435
95706
55800
367992
117105
23487
210907
25611
160625
288326
296749
127921
171794
307492
260029
38978
246150
231391
138883
376537
133780
199713
344090
18652
269344
301742
228351
245686
196441
352879
6530
29651
349192
231
89065
283968
153190
269539
91213
285702
8606
265901
380553
83108
117789
141166
25257
100723
119815
39954
5725
154655
94705
137247
351853
290524
99575
279866
68739
56495
399377
344273
113052
224188
354576
223419
282772
369408
128519
154838
282613
325803
376683
302804
227838
123599
80495
306723
48768
25916
88283
108633
258638
75356
125589
371922
347117
363158
37623
204058
62306
233527
226288
95718
243330
35718
44068
188787
66298
36121
307663
185772
166045
103067
293441
213153
96133
376854
177617
151127
389660
137308
83303
342210
83254
281685
297250
391332
367101
224945
218366
169743
22827
235480
201129
135441
112698
18286
255671
282381
381566
158439
167644
31165
34974
37110
199993
373644
155461
32776
139286
183843
19458
20166
249116
7959
177752
379210
292965
45558
161479
326779
189153
34815
76589
183526
60304
154155
348985
388378
39857
252742
82937
273189
398046
122379
295370
210077
349974
123404
88332
143864
108206
76857
22290
122232
142435
135685
352745
235993
208551
347227
392492
382030
109842
219696
262337
61366
352769
205096
92507
224982
259639
10889
337339
179656
100894
53260
265681
366576
9460
164128
289779
25012
239558
264656
394750
153764
332529
317661
331394
382616
152299
271407
234821
166570
352818
107290
131351
115189
39918
303976
196136
269624
390478
30384
224140
339683
390758
180156
176848
313754
257112
159941
267305
53688
300997
344175
45875
287508
1098
308676
149333
12109
245027
355723
175701
318784
302914
43006
347410
53700
95693
29004
25171
126285
120352
147245
335251
277571
394677
21912
372350
321225
384020
337546
240937
69826
72707
274910
397277
358738
142423
26001
154704
180095
220026
300253
14807
339548
357518
134757
286751
248078
306527
120938
257454
261507
149797
360008
375060
180144
52186
259871
108133
321127
293783
286056
343211
175859
147379
378844
183025
265181
363231
349449
208172
204596
223090
167595
64381
192242
326474
252961
38172
132010
71315
82973
83315
4248
191753
29688
360472
96707
115372
337888
352659
308090
102517
157158
219110
336753
330173
140409
249714
367125
82729
321274
82863
66188
12512
382873
349107
302755
232160
30494
2941
201702
1513
180840
5590
346055
171733
279866
220856
339109
148759
62306
186883
339243
138859
265010
226178
379918
38746
206622
356419
287289
132682
346287
264436
7947
159123
133646
206195
359459
309433
62819
94827
15833
321042
242768
239619
340903
227729
396545
198126
281624
129410
1965
4248
134208
143913
286263
234443
395312
303317
386938
374706
110928
357335
191753
351023
135428
46205
170036
285348
113211
205658
307809
140092
195599
66310
59462
313217
305307
310226
228254
46681
361095
46876
288241
310751
275118
71279
60084
26392