58168
157670
33301
192400
31934
338511
216498
369725
207623
223676
118790
5786
21289
364610
107242
135587
159685
326230
11462
297054
328684
231781
339280
134122
294283
89626
146269
237995
8935
264558
271834
89126
35328
256196
54029
362596
80446
346873
235908
259199
52284
81569
175652
324814
251680
142399
73268
220587
311777
380053
326059
306369
297726
164873
325559
99966
379039
219879
8325
74599
86916
98379
73281
257271
369591
68556
177752
90249
257368
367687
225006
218500
150773
188201
55836
265279
343504
158537
256282
58534
393273
280782
194463
370665
352659
287984
398767
233918
272701
383495
189861
94241
191631
124698
79274
265730
221198
214020
246723
348521
143253
159245
208905
272347
128922
165935
192254
228461
392956
224457
121988
152262
195684
353904
340208
19299
5261
165691
365245
16943
32435
109060
205011
254414
150492
161186
136771
273580
12915
324314
265755
23023
381188
292355
175188
157927
75148
249629
380309
128128
358726
164067
298641
317123
373033
337412
49330
294222
229902
175029
393859
242500
177874
337717
130436
25135
53456
38026
55238
152397
230011
243659
2111
311935
276717
150309
73952
124942
140324
86648
177898
190557
61989
213812
176921
80922
41798
181780
370397
149772
263350
305551
215924
216547
91116
223078
205316
388964
252974
397912
6665
286275
220221
28809
185613
325876
197906
328916
217816
135624
137809
336875
105459
154509
386486
222602
310104
284017
381005
50013
114383
52882
4919
159306
325339
157536
16809
331247
31287
240876
163969
295980
125504
371788
193792
349009
108499
287997
375341
236469
81850
264668
343504
272640
45887
71254
78347
51869
13855
279219
232135
317612
254878
382934
16467
150859
378405
396435
262105
240827
172527
388402
263899
399938
108755
218012
23487
85976
25586
333945
102066
93765
303671
299276
295773
178826
44605
304574
146305
375560
166447
331870
99221
372533
327903
231818
322287
307248
393993
176677
396581
142948
155693
351573
92678
189934
15857
146537
44569
333970
354173
111856
133671
134122
283370
139152
395507
152787
309506
330722
261543
280062
8569
19788
148747
215277
31958
203936
9192
268025
353440
54237
52394
41212
69936
362901
252778
358677
268819
191448
254792
399719
74001
382409
288216
203338
183526
196514
306064
104397
10998
338474
357737
64320
343467
233344
209710
58827
28125
16174
26502
85232
200604
297579
124173
151762
166924
167400
9118
11316
52076
99331
314401
202447
327390
218695
246247
159697
129276
196063
153349
156010
82021
29102
231098
39759
336851
375328
173638
328696
339927
97927
386046
223444
241828
87636
369066
103164
60805
222589
89162
265547
112625
129251
346140
273921
19092
206402
350865
274019
208185
375011
125724
242500
17957
216376
340305
130314
316940
361082
394518
62831
353392
391113
162102
359703
345957
317893
206659
136564
328269
98501
282845
251521
359947
252803
135282
158366
216437
43641
7593
29578
70363
283053
74074
111221
276729
26563
206549
272396
174468
218451
88845
111758
17041
350096
291537
183538
344334
394286
319113
305575
108438
77651
242585
311935
265987
154069
329575
12512
149174
141093
84536
122208
128409
382409
311789
122037
278731
98428
13525
14929
162639
87746
135660
338450
241938
141776
373632
197015
30811
235273
251033
76296
303012
355064
283346
1953
65224
29615
39259
205621
9595
21863
112234
60182
357420
47767
14709
47303
6872
183257
207428
119363
97195
221832
276424
18384
101590
245576
270210
114700
361754
271834
9570
327341
376122
238251
182573
89260
354661
188555
37098
119400
152507
321640
283785
164323
294991
366380
21265
271919
6591
344810
296957
159599
156352
186004
315170
239582
32056
253352
105594
63612
255977
247395
64345
149833
354429
147221
380187
154033
93728
252449
358372
148112
295175
388525
254719
367918
241218
137894
32300
193194
185796
159331
53273
122061
80837
58119
118375
302499
231867
69508
266609
183342
194854
17920
147502
47376
27088
14502
378649
188946
204425
355369
300790
98489
317380
283187
343125
216766
58693
274568
211212
221039
214862
315634
310104
5688
373876
28504
15076
120133
262056
310959
202545
225898
222223
351902
53627
336094
145793
85122
342893
199163
371227
343919
24634
389770
261409
378771
329563
69179
372545
201068
383874
177788
326731
214960
163615
221918
301168
400000
396765
217975
246137
307089
25244
355870
344431
130240
39893
344602
24671
116605
300350
202362
241084
177166