273873
254243
278060
158513
121402
40003
2038
143473
293429
350279
171147
399743
244099
109475
351316
211676
373570
357188
103738
256086
370445
270784
166728
106497
348692
4614
388402
285201
341673
58009
72585
275337
315695
284627
200640
105838
265498
255879
391320
121268
154387
90615
61708
149540
61366
263789
251228
279659
297750
306503
371459
62160
255854
109939
344334
344724
152214
145744
391051
155388
27869
315317
134220
46034
168047
140409
75905
308383
104068
7800
313815
275203
359617
180205
358409
319248
104116
86220
113174
362279
75673
201593
280770
106704
335996
234430
257356
2465
219794
326816
177813
161540
41334
185320
374169
232599
320505
52955
109817
248274
90749
34949
52040
257698
51759
91030
345323
356614
129068
6555
347837
127591
3161
55043
293893
303097
170732
64650
144547
63454
100320
1025
289010
382665
245088
179058
159306
34315
75099
216095
220831
270137
91640
38978
201043
383715
386034
57570
219013
171868
105471
217084
78310
306186
388525
241975
185528
227228
332444
383544
157206
173857
155229
184112
177483
160246
314584
170073
369066
113028
346397
386193
39906
381127
185369
284066
68300
30677
130069
276778
288595
137772
215057
272591
340293
291109
352513
299948
242902
317477
5957
136478
359092
242390
358458
254316
208563
98306
137809
194378
195294
193047
61427
282088
110489
250837
263032
396850
73854
38550