198211
1940
269234
292648
364391
69924
351036
34595
242866
322226
328440
306454
393993
232062
119559
140775
359361
256746
105716
133646
130545
81960
48841
342478
105935
201068
3430
199993
198358
42091
385595
157377
156120
54921
161491
168596
159636
171086
317978
328794
156535
48731
377636
378991
197369
315305
320920
189727
234736
220221
77797
336167
48084
110428
151445
76943
156950
140922
336423
249678
384728
33021
93948
395068
135978
92788
346714
22681
249385
302072
255574
130521
88967
94729
341001
90993
136173
30542
311410
15771
145194
379198
161052
112161
324033
226984
99942
343247
3918
118680
278353
304525
59498
247029
268269
229425
342210
2368
64442
236262
389574
95022
167436
328977
272688
262678
111221
264485
244489
175554
197784
198724
51393
151725
201275
24268
170574
94985
204217
311764
235627
68031
128165
367760
113003
113101
321518
321518
91677
332993
166740
353172
48646
44569
269698
375804
52687
217487
393493
83901
268904
10559
299288
280843
226483
18372
56776
197576
112430
240351
186614
115421
153337
185161
197283
5102
348081
322751
279195
294869
213800
296456
318161
279769
7580
307834
190960
285140
286532
286605
305453
296237
68471
58351
347642
366917
56105
322226
398376
319675
386816
51417
382018
49610
170805
128763
9631
344798
280062
29981
379284
335496
250459
167082
195733
284896
359837
304440
172331
233674
144206
259993
177288
10950
14795
104153
287081
324240
38392
68825
309335
40662
143412
179094
137760
172270
214325
220038
301644
77529
336765
51295
272273
391955
56044
81691
289034
199908
111355
316525
267439
160551
308249
190081
351695
300033
191973
395739
274373
182586
184014
126261
85476
173149
244465
136747
213751
303805
122635
242670
222235
256563
258528
65700
221161
175261
197466
39588
300106
218634
380602
288717
342381
167448
173662
391808
383837
197930
396557
43336
278719
134244
16077
25086
35108
292233
64638
300253
382311
27088
47035
242854
132840
297592
298202
214703
301425
358983
354112
302609
343491
97439
398522
228131
75771
118497
247993
242609
241376
301644
137638
219733
81887
134012
170268
358384
79006
335483
291170
308005
228315
287582
51271
129264
7373
378844
21094
302304
1037
179107
117862
195049
146244
355186
308590
204412
158745
40382
151225
182439
304513
370628
236811
160161
78090
299166
394714
381688
150505
203033
123758
260860
349143
193157
111636
73110
232270
241047
305050
194988
220526
234211
193133
103738
247920
273189
366747
349705
294894
122269
215900
113724
165910
126847
28125
362376
74098
109475
350047
13074
195379
157451
74599
322214
354637
214252
116885
108096
6445
387426
140397
221784
72853
85317
396826
277986
561
295309
141459
58595
317
315805
287032
201434
230744
54799
158207
186626
89126
7251
9411
233136
171941
23853
368431
317941
67165
183758
268294
130387
141349
83681
229975
374193
83510
255952
58290
29615
368736
27881
113675
388244
203668
335142
122147
72975
116678
201446
186114
255684
354918
197259
58461
284920
50978
389831
142411
136417
321616
97085
279622
298678
260896
158073
189104
306210
190496
232160
19470
132938
329477
239777
76870
58265
46034
56935
191253
18311
253913
176250
183428
54786
115701
246809
295358
73976
215814
205487
246296
128519
165312
112161
177141
234174
1477
201300
145622
134342
144279
62477
234736
24768
72341
62331
336985
250801
81032
320383
76882
189886
285116
351194
334238
331699
28235
285653
30713
168413
262227
383410
42262
307638
58131
149369
299630
220551
212079
166582
339866
37586
307870
357933
170989
204437
199383
189410
112479
210480
274788
127103
74037
202630
265449
260750
135111
296676
161748
206097
87710
198760
198529
198699
205035
349656
272457
291647
98342
4004
154081
369652
324655
257478
56740
292062
7605
233735
125138
77321
334324
44410
5896
241279
390270
333994
262605
201886
395153
22449
397985
62916
1953
58095
45509
88955
321799
392931
93130
384398
137064
393249
301425
288729
165324
297982
178887
903
236518
337009
76686
344956
45948
322238
65480
389574
345567
323899
356749
34083
35914
44300
31165
73403
21607
301998
236494
54286
92275
238337
217523
35511
92056
59437
340549
164531
39710
125614
74794
182988
62086
201043
293551
373632
3332
76088
257148
61110
372447
174797
240559
379308
91506
159978
168034
217352
307321
148503
17261
57277
128678
149284
355504
215424
352110
336301
370348
200299
238154
169389
157451
99356
201214
175176
227802
307211
274935
598
197015
107608
15942
151640
19214
222040
108511
229731
127848
237031
132230
278218
246125
23023
355711
51625
29419
57020
18445
19983
102273
161723
363487
120792
252351
373546
83303
71217
143974
252034
241694
52882
113699
343186
333591
381872
210394
109231
145988
176299
242329
37232
281978
34168
193865
239130
10559
333762
174138
55739
104873
169219
60231
177056
131009
133854
397473
191582
250251
363487
319125
276949
197076
252583
48304
344517
295382
55409
144254
150383
375536
384972
255720
85232
254707
221955
343821
155693
42970
246552
337046
69472
337668
105178
380687
337022
168584
25049
43299
102005
356443
188799
242805
13293
147038
281820
254463
250752
383849
224713
363512
17444
281234
103457
124747
210834
261079
309628
391760
385314
315121
303390
277974
118631
355565
211566
12512
294808
16541
73403
52833
15845
368773
146464
217072
254951
210052
285225
398266
363573
194000
204718
223285
144901
259651
242048
18652
6311
24219
27747
45973
303085
1709
280147
369310
386144
109854
334568
317172
66164
127701
220416
301571
6640
166631
298312
156462
158232
217047
69911
358336
347105
33362
372875
291305
129728
19885
173467
319211
26441
379784
169389
227301
46583
389989
15186
395898
17383
264314
182854
268575
29322
267415
70070
77480
310446
341941
168645
388048
41993
111490
305539
225788
28040
121976
169109
347703
331394
183526
132999
20606
188531
75905
190130
269014
115945
79604
209430
355113
320297
195196
127652
53151
124979
313498
88906
81057
125760
199053
344297
51344
187603
349363
124222
304232
195525
192327
95876
185186
271858
284627
18372
329612
172344
173247
208014
316928
173760
182805
26209
56801
365282
391271
2624
269832
256379
256270
5896
25293
13647
154887
74562
298446
38880
299081
320590
309775
201226
289449
118118
8911
235602
369798
189861
265449
220184
44935
203619
129337
245100
324301
291427
323361
185222
53810
303988
330039
289230
198590
12561
235676
297628
138847
71266
293868
202191
241633
151750
171037
359300
370873
63258
36561
69606
198101
270210
259871
336826
176616
20007
277047
317587
241279
293465
189617
375585
296603
190398
57679
51759
355784
362913
50184
263740
392809
108731
14673
46375
170451
137369
29139
346397
306588
21253
98318
383349
41126
344676
157097
289547
166447
162749
143351
341319
183440
183196
102957
94216
145890
283089
89211
134696
255671
173430
219318
160527
271175
223773
250434
102786
191521
59547
237690
1684