185503
248371
180632
179668
119913
312680
17090
86025
41883
358824
237079
167278
125296
274678
148210
186651
222113
79628
366783
72096
218195
106839
120841
56752
261946
367540
207379
257734
278035
59852
315720
355662
378698
384752
29969
237470
385326
31336
222809
265034
72646
94363
153166
32044
348118
186150
180376
271675
178789
105581
207147
377513
278633
26673
164018
200299
368236
369090
247712
182976
219818
313205
25782
96389
99868
122281
120377
38465
21887
234138
383178
358995
221869
284713
274410
172759
268880
226410
158220
323520
23279
303268
26905
61134
255232
45741
366600
94582
135599
247553
76845
83217
212359
86965
156608
28797
84304
155217
69130
30811
185198
354356
298300
267598
90420
227204
8716
65688
358787
281868
122501
320029
322104
273128
324619
127372
34778
203558
309909
295565
396191
6530
183928
191009
58070
73842
330137
186980
329758
190264
56031
175164
293331
237788
130765
3051
141679
231720
126505
299594
151542
251448
76406
351512
104239
228180
161284
293099
166618
152201
337815
271687
44593
262178
20642
251350
221918
178997
130851
317490
96450
146696
23352
344639
26819
142753
5676
90078
101541
20606
360692
175737
243330
46595
385692
220807
61195
193914
360460
187725
262556
356212
356651
3906
37989
243049
1123
321762
231330
320114
305746
279415
307187
156230
75881
324887
128775
340061
10632
365880