113357
275850
177715
11755
367906
93240
30213
197222
11450
275984
201873
142155
138370
385827
73256
107339
158720
215375
397973
37647
220844
370604
5175
104348
34620
50929
109292
26172
158073
239582
389062
281929
9680
316415
398742
126908
269063
306100
73879
325803
328318
373888
94033
314389
56813
181414
265010
102774
141605
115384
283187
232477
266219
201226
244380
99856
190154
314462
59657
358555
191778
302267
340842
113248
336875
27661
317807
217450
235517
348863
150517
187469
349790
246211
398059
45594
114688
309469
7043
204388
334897
197479
382323
305063
319699
283285
101931
122257
18897
296603
239313
247614
21802
376757
54884
64845
82119
148002
219782
328757
231037
30188
134049
260469
341209
396984
101895
71828
203912
394286
126419
30994
382042
31275
86489
182073
301327
156694
258064
231025
242451
332627
142484
110647
96316
18604
164482
336838
345152
278304
202056
268758
131888
221295
310934
185503
280416
192693
6054
91628
128861
322690
262691
364000
38990
48915
199322
352671
43604
23914
205413
48133
94875
20276
275911
127457
375939
245905
115421
291793
338157
81923
174456
7849
126859
55873
180046
365819
257722
262361
323545
366014
6433
244001
67885
347190
374230
345017
136906
268501
91567
349900
249165
358067
122782
219830
158818
240314
333811
339194
166020
54811
185845
84768
259382
78957
317197
130106
52858
367101
75966
97476
279830
118533
266023
170036
6579
286947
168681
276717
327878
343748
102713
262068
307003
307785
185222
254011
322971
153996
155595
241547
187078
113504
125431
75222
391674
377501
316672
102700
253267
117593
50489
52040
112906
335215
49525
375121
155815
52101
315829
63624
213324
355052
47083
350376
309103
206744
253791
308090
312594
135807
339426
158537
61879
117972
106619
304147
318686
161357
51564
294833
317722
308041
209137
142570
273250
164592
11340
196050
205145
274031
221613
387902
246882
241572
207196
267244
198126
326950
12573
229828
284420
215521
95950
158232
86245
80800
191619
284908
292
50953
160637
90188
195123
391637
292208
48060
223871
117703
318369
32142
256624
346543
204498
394140
294650
104971
378075
327634
329270
102859
58143
329465
207696
185418
148307
171196
168474
377111
155131
393420
8874
29212
395178
334971
246906
184087
152555
310031
40235
68092
249995
145231
24781
26001
295455
89492
35242
209430
267207
308981
270186
131437
299606
179741
264156
292
332163
390502
229340
144450
284383
268037
329282
241535
18921
137870
46998
263667
155510
332468
10339
51771
198101
259627
36695
231281
237910
343589
159782
181585
294637
251228
1062
172173
358519
215948
48036
177434
395641
71681
202179
82961
179045
9631
358873
195818
208160
70070
381847
371056
378893
381872
234699
267305
67091
362144
31897
243684
287838
88540
371886
210602
392883
56813
314584
347032
368956
135807
166081
196612
399377
332847
32764
55238
351365
181609
107498
362498
51661
165276
50331
209491
213043
387267
226252
275716
73867
302084
162456
107083
13696
319003
187652
248152
6946
290682
15906
340488
177520
99588
237531
100125
316537
154533
79421
286361
226007
209833
197552
174443
150700
319675
263924
244709
360802
340134
110525
200531
347837
191290
192901
227838
296456
92080
135697
8374
94387
180278
322739
199505
143290
330051
94119
92751
32752
379833
312936
163933
140214
382677
263887
27112
219037
291952
246516
104898
37476
294479
225482
327793
130851
4052
300302
174761
129532
127420
157145
167961
325193
15527
65211
333567
337852
312436
180083
141776
146183
114273
316611
238068
143668
251033
153849
78383
282943
103286
34546
180816
170928
366832
321640
306027
177349
377220
274202
279232
218927
7129
5590
366039
281893
348899
86037
314645
145268
394506
352159
376989
367467
325974
86233
221332
398608
228266
327317
248689
281185
37403
76943
25659
201470
336179
361961
346287
354197
210077
316647
35071
183074
175859
47169
4272
259492
395312
40369
77187
262141
186492
279598
290670
319736
245454
30127
188848
379711
390270
256648
220917
65028
240473
35132
355186
81936
44007
121927
22083
40797
264448
242194
98660
152922
340733
60475
246858
65529
32190
395910
318222
297543
161174
244111
337607
338645
165800
169084
178203
74184
75405
26709
240498
198260
321189
383056
247566
277669
194354
389562
269478
129056
364671
277889
288827
371959
271370
36634
20398
220026
199530
32789
97158
373058
53798
339976
335093
272347
242585
136405
189507
381762
284578
334873
315317
357152
150737
7092
343565
166484
353709
165324
186980
223346
197528
263277
386913
396118
199908
179265
14099
355491
99722
243733
36011
322763
62123
73891
262886
281466
93850
377904
185345
314621
81142
90981
215802
130436
262813
206219
46388
38721
151066
262215
235651
240583
112356
50428
136771
293856
20960
104458
279610
16919
397741
333884
319248
93252
46400
365123
263301
39149
195
151847
90810
197479
190984
17407
274874
219415
253621
291830
321774
297238
77932
105716
239008
10144
320981
303891
44740
246137
91689
40845
231086
261885
20996
20923
293820
143595
329380
345396
241120
331076
104666
329074
193511
67543
202484
249031
187908
37855
381835
387865
97915
257319
288338
133817
183098
73940
97683
100686
179705
146415
31690
29529
245185
60365
159453
235053
69215
245381
96316
158952
263606
255342
12829
192852
343552
74526
166521
333201
212848
112015
368651
230732
265559
146818
198748
197015
216449
86355
179326
130399
172966
659
323117
324143
61061
294906
265559
318918
117410
282699
194964
162529
160563
22620
392773
239008
353514
80629
196478
29761
370104
80678
197759
369383
77919
306088
88186
358299
250093
14282
365196
295077
18396
327317
310568
190765
380394
160502
54225
27698
72865
252107
335581
125370
324289
156047
175029
175823
398510
60573
68227
111099
42542
295101
115347
165227
350730
387926
298165
93130
357567
137125
317111
109244
72341
157329
201202
308041
67323
364696
302926
329087
332578
262715
290914
29200
109524
291280
152677
124112
216107
101541
20142
362096
375634
219061
230133
192193
262190
157683
32667
289522
374913
246772
359398
299984
253645
234186
264632
367064
148527
327500
51576
203241
55983
136088
296212
68276
233600
376451
181304
217169
306442
3247
353123
380065
277254
28821
113272
236701
153044
293197
158207
47950
300656
47621
278865
6811
43653
213812
32984
271456
213165
181414
202642
242841
365086
206305
249238
249324
376281
272188
378954
200799
332102
77919
230524
374913
17798
213153
398486
97695
326511
384777
3784
281429
295846
356566
124832
381823
86220
264693
300912
137333
12866
371483
321042
253071
344346
119962
110257
391589
379857
151664
326194
233307
318161
350242
78237
368980
30213
373339
381945
386584
248298
135270
160917
115408
283993
302987
209112
189519
187688
267757
325522
293307
261836
55214
234223
51600
240730
36133
302011
126798
249104
100515
266096
85476
252241
157426
384655
197125
109891
23120
22339
127298
146635
160014
83596
87905
351158
128800
306027
206988
116910
216486
226447
80483
236713
302633
32142
268611
263716
226410
109732
99197
151310
116885
304220
340635
84438
149186
100613
306735
214752
188799
340879
356273
212262
386840
88332
149406
345872
388390
52381
23767
5224
216827
185808
252485
176641
96255
67213
346775
185271
274861
81215
365538
16272
111416
8642
394555
127335
287716
239545
157658
65187
209125
221246
122403
198382
56056
154118
62868
279146
348655
147514
41908
346494
87221
48243
175420
83303
331101
154411
141251
139884
278072
26685
395031
336265
307260
9924
55543
256050
247737
277291
222260
344126
135367
9619
87148
220734
120523
322482
203827
324546
388976
353233
275960
397045
158659
120889
227900
120865
214691
371166
319748
224518
45118
218927
269429
166069
40040
1135
344431
308163
216449
152238
385399
296957
331321
314719
124430
357530
45558
297396
360240
18091
1257
293832
352989
175737
74575
373375
201043
215961
67043
257393
362413
98648
297604
193157
282967
322995
157939
337852
294479
83779
93557
265279
344456
131608
273213
7702
120657
249482
209002
245381
132596
258320
189910
256147
312509
63930
390942
37806
98464
57765
120670
15552
161931
184234
269588
347154
142387
186797
221564
38099
151493
145500
291280
279769
9253
218488
149833
222284
374767
299826
301193
395446
133890
106265
271810
389501
206610
5444
176189
8825
136271
297946
120609
110599
23474
65773
107669
341148
166924
99771
104068
382506
173796
218414
134305
321604
302218
290499
62453
354661
398193
74282
124930
239069
389623
385473
276351
305697
99819
306662
211297
43580
343089
150651
124369
69960
264741
90212
70912
297921
88320
166704
391125
114078
232184
390124
259859
179168
358165
243061
24854
63490
114835
301083
395580
130289
337754
81960
145426
279061
69191
36390
189715
361680
160002
192547
101968
83584
15881
167046
130912
2697
250825
254890
380834
238422
209942
310727
217633
103323
324460
134073
363292
69997
261140
70925
340964
85586
28785
344285
133439
46388
204290
226007
317404
45240
40650
362791
335935
203900
19580
168230
371764
103262
11145
394103
83864
23584
2880
392822
69838
7446
160979
183953
116531
157866
386034
37061
101394
183977
125711
83449
7275
7031
207159
269356
112820
238911
251142
363035
221271
345872
231025
328244
190008
109854
138554
376622
223358
200152
319309
211505
391210
267452
40089
375621
235859
373277
50917
15198
329746
166960
304025
373021
246345
22779
192339
322775
6909
149821
70082
57448
265511
286910
217865
44056
294772
395239
14758
157243
234968
161162
280013
104361
268904
121683
346653
54457
385021
224933
29749
183562
191302
238532
51698
49012
42518
217963
286886
105117
143144
247590
188592
272701
88662
66957
360301
275154
307602
194634
34022
253254
266829
362218
218305
371520
102664
71022
78017
328403
140299
284017
308957
282882
163933
265218
269234
109976
100210
179375
230365
97720
377489
264351
310287
397949
23267
388500
250984
343491
362608
5835
3076
144425
379577
321347
79970
75551
4675
278865
44056
67848
190472
184221
87429
16357
37952
175994
69606
116946
236310
156364
174810
344456
278365
394738
351280
384826
314328
216437
295113
333542
306357
389086
341160
273055
146366
219135
223322
241560
199676
171074
67140
305722
336802
221747
176628
249739
116202
362388
378319
193438
180217
260725
284774
51649
326767
95864
40162
347520
319357
378221
110354
292294
97927
367125
79982
43922
252851
98648
219171
257148
224835
36024
182122
237409
293050
155278
200457
211224
13989
78383
333347
225507
373815
66774
337314
388158
316122
87380
118082
162688
108389
363792
126883
229206
208917
225214
63820
224323
97158
265449
50782
272408
129886
224628
236371
20825
85488
6006
195355
291561
259187
240510
85171
261690
371507
211346
121964
85317
152409
351402
338633
269478
63930
325595
387389
116263
23389
311105
149406
144035
189947
87612
114004
399951
77028
350230
289754
376415
52894
57618
210248
43958
292098
227741
396813
112991
40162
393749
240815
236994
254084
132547
267928
69557
81020
278572
147013
287936
237946
235065
5957
95339
154350
395702
17090
314853
340964
88711
214618
187041
46534
56312
306552
184136
65553
281612
243733
152983
359227
175786
108365
299533
352098
337974
84572
327109
367174
100149
273470
241181
61647
69826
315243
133024
326023
282772
180889
54713
108902
378478
95840
98147
230182
10779
158183
190325
44911
306100
13916
117679
220551
181780
351707
91763
289901
337290
179705
368749
242378
330307
46900
235480
16089
350669
371471
74367
153105
304403
238666
19653
280562
220380
230780
117618
280098
192217
251594
303244
7971
267720
307870
305636
28528
98562
10364
195049
23450
362633
356932
83657
139188
171440
360020
92812
335361
75319
81386
299179
196234
78640
236225
172258
268135
277816
329306
15881
185052
334299
285702
326108
245088
195464
338584
377867
100088
275435
136417
353233
21216
308615
232343
323508
2612
288521
117960
397656
166020
304049
364256
149711
128556
286092
231891
37611
396337
76638
313766
125858
246333
33228
371922
24646
359080
180864
331516
157902
264607
124198
194378
272664
64149
132389
34571
102444
90176
8972
238447
96963
367186
159611
351780
330771
335740
269783
296432
303329
302365
5249
319040
142936
277681
347703
234186
327097
65285
377904
324692
31800
263972
119205
61329
22180
45704
253572
204730
197137
171892
122745
51600
100210
310397
27246
188201
109634
315890
35291
113162
19495
135929
114529
292489
325034
5383
198895
8923
124149
391540
203094
168572
148075
152580
197259
26807
33155
371849
354295
196429
346739
330283
82290
100137
79384
279769
354734
230280
116092
279683
250703
177898
198724
159257
117850
393969
292550
268208
370519
245051
269063
78164
335435
326157
17786
297335
157658
392870
299423
361021
179168
75771
52894
160356
2526
139225
68959
271858
52296
247248
342429
350242
246565
198931
216095
347032
191094
195831
228412
217426
308749
304013
377538
378002
316415
272933
114444
177617
62233
274068
377318
244196
335361
121390
179802
369652
260921
336533
65883
395776
92715
220844
143424
163225
15930
297054
209222
386461
172624
282979
78005
116800
122269
359715
27784
256379
150065
96890
274105
385338
235309
397436
185686
364818
292464
24378
154094
378173
297396
72231
29651
73061
311239
345286
236371
66774
214410
205560
278194
77260
363341
252729
349290
142594
182293
198590
360570
391125
302890
98513
95278
224884
63686
302548
5896
378844
382628
88369
364952
318454
214398
339024
282247
37842
205597
227338
301046
321530
160026
70265
85610
131632
326609
314987
112613
383605
322507
19556
79067
372582
103860
390795
139017
113138
396691
341428
81789
54737
200469
29468
163994
235493
376866
142045
308102
336692
136063
86220
179741
300643
233368
49476
56556
174297
88308
92068
200933
41065
239094
34058
249031
303573
144511
99221
328867
379515
346140
78652
219708
73451
203131
176287
265425
86819
212250
98989
354222
328672
125394
353685
277242
89748
277486
313986
178655
342442
136832
218890
9631
228778
290755
66005
298678
399438
278841
161784
350840
65895
86330
291268
188506
28455
110232
269942
345896
142472
210480
40040
230060
285372
258845
73952
360826
87002
397973
247090
1977
85781
223041
342783
296652
372997
298678
351841
18713
187994
23328
128959
53468
126676
54103
168803
119522
25696
103897
264033
244538
184942
324008
207879
107608
190874
284151
103787
360277
203045
162858
44581
239155
166533
160332
323606
382372
212482
346543
340464
362388
109585
157023
163750
247822
228766
148771
113333
106607
283639
28760
324692
363048
309274
367760
57655
121329
141764
11584
312411
367894
261018
202752
314792
365257
259382
224567
233747
149699
198516
380553
293319
245393
317050
321396
241633
307406
351548
132132
139408
206109
333213
191961
30506
65565
122952
19190
257075
368199
347129
113895
381566
238447
396569
210687
78481
217877
151554
354136
358043
44056
294869
209393
84328
145976
275704
220453
150602
168254
386901
28528
274068
36878
217902
163115
372631
78749
346043
18237
286288
107669
328537
126334
205475
389245
257844
142228
368993
397143
142753
149906
393884
273372
377806
304269
399926
104849
363389
20703
291158
328928
139237
124759
156865
380272
93655
374364
154643
91775
11023
167363
37977
161748
120072
46656
290902
200030
205475
215472
232099
265620
245185
75258
251094
8020
236103
198858
339024
125235
270430
351170
76259
250434
125455
170146
239851
380126
228937
120303
392675
356297
62941
131473
217340
114883
268330
335129
157072
13122
112613
110965
326108
348423
183550
256086
52076
180938
371019
89345
213043
172869
199676
303329
331431
356321
374950
176506
187578
342783
204693
358116
315329
86465
159306
238019
342027
314059
232392
314474
335728
333323
164922
171770
121817
333140
195062
80764
131681
287533
396325
34437
345933
175957
66432
231183
94619
32605
29590
18152
77101
137089
114383
107376
163713
258955
270137
276961
342210
268745
383825
169975
371105
227863
60512
203460
302536
269881
229438
200164
237263
385705
238300
355333
274092
25232
298568
151249
216351
27857
143803
231904
397973
394409
163982
50245
391467
12903
277950
300729
160576
250910
6714
149369
19922
126566
210065
274105
364061
171233
348863
127652
328696
295858
135709
35694
346470
373912
236371
142533
159599
53089
84463
17065
52211
108572
271919
131339
64662
249995
377770
224250
152311
95022
97647
162920
51441
221723
136686
314267
214679
12292
328049
239143
178337
915
239814
321750
124478
237714
132706
346543
399853
381859
330979
35474
354417
235944
69154
357811
61952
34376
277108
224982
285079
398083
165715
183367
247419
68080
76052
116995
175212
130680
54200
172991
171050
46290
214398
322153
382055
194878
352891
167265
25074
250166
75222
11438
231611
95352
99172
399255
274434
192718
395995
342869
139054
119522
232477
245991
202056
182964
176299
137882
178948
26465
327060
30066
104202
339890
35718
208124
305600
386107
174761
271211
335813
256563
21607
331785
223346
168169
217902
387817
5713
114175
266939
80324
106924
181340
32032
48512
122098
46131
98049
295004
171697
362266
58778
373778
387658
152116
392553
13330
294064
114627
188653
187395
44984
362083
387047
45802
81679
98220
393823
118118
371935
150395
134977
2331
193853
268013
210968
151213
26795
99893
214484
368895
111758
163164
274117
229975
43763
115884