270052
93472
94216
256892
140409
176555
3857
327036
105398
237409
107827
293929
353538
91091
18860
345249
243867
94289
365623
99246
209295
85171
22840
363817
129544
114651
367613
218109
136014
281685
223627
29468
11279
384801
156437
17883
345628
302633
181865
180632
12952
215875
350218
389635
329013
383104
268807
73891
53822
382970
225263
299642
1367
335398
374083
60621
218781
14111
248982
391027
97439
363097
263545
113553
378759
129422
262642
35242
216864
125077
387121
203314
260945
230097
114236
233722
119486
49635
336533
124954
369176
337485
341233
369359
270674
98464
153178
374620
154155
82192
103384
8069
36610
380809
85940
75966
233893
43092
365660
150480
329660
17456
398986
356883
263911
136429
330857
333335
303585
254878
29541
375902
57582
254853
322605
381127
98941
229169
95791
398852
356480
356492
318063
7641
38392
180242
254597
325412
50624
4004
130790
267610
271968
115811
309384
65663
248896
153703
43507
58082
72389
325473
267903
166631
399243
394518
290963
70204
380431
144779
50062
288888
59022
37086
192693
190618
134
169304
45777
333066
315378
252925
135892
353111
244294
318649
122696
216473
55458
63295
8166
40113
29529
150590
284102
299618
286812
178460
80385
34363
221832
225104
176641
62794
107608
286617
339500
20361
31714
118399
248249
232624
327072
193023
271297
35975
259614
287020
155827
358629
335654
9021
293295
174040
191131
181902
23145
239790
225470
191155
37464
133841
142435
212408
148673
1135
160539
230146
283175
222760
55494
360448
363280
20264
197125
390063
139823
207757
143424
244453
238166
303939
154020
97256
279830
17004
385802
233539
142594
114590
332908
179570
221295
291415
73952
11487
351792
246992
288619
155290
60927
386193
206317
190850
204644
354710
49476
172234
256831
222418
333713
176995
111600
126725
187627
396838
261238
388634
254634
282186
12439
313974
339292
253193
3418
92300
160637
89614
284151
5908
175127
312143
222479
161528
31568
267525
298605
157121
20545
30274
50111
296481
280965
233173
230536
163798
326010
139103
243476
171037
51258
66982
115213
290353
387292
83974
67958
384289
359215
276595
156376
345982
315890
113284
230036
62160
91103
210870
283944
211212
259273
17419
260042
308957
48158
324021
161857
214484
71205
117899
345005
308859
241792
289620
45924
158696
232087
106399
11462
77602
38917
164690
91640
197747
19177
133829
58278
263972
357298
203814
111905
363170
127066
149382
139408
201312
310812
123062
184966
340598
137797
289596
396789
209234
304843
214215
112112
296432
41346
317453
343052
145023
381505
308713
125565
354295
205829
111380
194439
205316
214984
191753
46290
321665
197857
4370
253584
377599
356895
266365
91750
66444
52821
173027
342258
141776
331528
67458
133768
143498
395275
276583
84255
21778
381200
225922
206317
271163
209125
146024
38221
187090
61549
282601
263362
57911
258064
323142
80373
104275
86880
352439
386620
378868
155827
49525
237385
38624
225446
238520
243427
202337
286507
305771
369212
5652
44727
396118
194524
66432
174858
300363
301828
172673
106851
346763
51869
205597
106631
208880
10107
310397
13782
142313
286458
127152
398876
162968
250642
294418
102713
79030
86098
37903
320249
289498
44459
56874
391369
261580
263338
120682
261336
199493
209967
187945
373265
17151
213092
60902
354966
327329
145646
387426
63075
359556
120645
23120
346507
319699
262971
166264
291964
303170
19324
277632
314169
74721
69106
198211
252827
227094
98391
276973
239374
231012
299838
321286
295626
289193
260811
382543
27002
106692
302304
189373
372765
290169
131095
241108
375768
288534
267818
173809
134293
187578
313107
211456
98428
270931
314731
114908
273348
59938
97842
240852
292245
345017
21155
323557
321323
320786
21277
191668
159172
137723
7898
32740
93301
182708
72206
17908
76198
200848
371166
99160
383324
371446
349974
191827
315732
250080
365404
354722
109659
89907
172331
380419
215778
54103
136136
8154
310214
232331
33277
372008
200384
173625
102786
296566
187713
48182
10852
52858
249885
150480
391454
186968
5151
56398
224921
33680
21216
146659
317709
327915
31031
9289
144999
126200
218256
33375
319479
50953
334653
306747
348094
69740
12073
330137
339793
222309
231476
60158
326462
107766
111355
193792
259627
344358
178423
206622
345506
214459
282601
57631
380736
307223
119168
72865
151493
371300
120474
120426
358372
390343
279512
189434
129447
293563
268184
285457
184234
313998
12561
154655
110892
206939
87661
349620
19165
140946
294222
348765
231720
274117
180022
42481
76052
227912
268343
297933
239960
271260
155754
115347
152543
227167
242146
88320
53639
314645
55104
80312
13953
338132
331479
30213
368553
237202
218366
199298
226032
8874
356163
171990
116080
15063
6176
123172
237763
87734
185259
64235
371056
44154
169890
180755
114200
24842
132425
373815
309445
66701
71779
117935
319296
123709
201214
347874
16333
347874
155497
86696
348667
42762
180364
327976
143632
302279
66237
284176
212433
346958
189165
114102
17883
170549
21167
41724
368053
309237
72707
378820
198126
145915
229657
364061
103079
362254
47230
331150
283651
150761
363634
318149
368028
399768
195452
30835
371886
263179
277889
72450
259163
328305
11804
152311
166130
193511
380407
185882
351292
68727
397875
398730
133439
210992
52626
346885
80629
207733
107559
166093
312375
320200
119803
362523
377574
99465
242524
257283
370848
87710
171294
197503
349510
217047
397436
46131
113931
318613
330906
263301
13635
354197
55250
91470
41676
183098
277132
357139
279805
76674
32654
201226
356907
192974
313571
51124
183269
224030
375206
146440
23035
228315
89126
131278
167571
260957
302755
225348
271919
213910
168437
286581
217291
279000
204754
77468
161589
245930
52088
248054
40894
48084
85512
147611
184136
168437
246967
377855
103555
318063
59584
199993
323496
199932
386584
108255
309921
370250
97024
82265
163249
209979
201348
230817
336960
219049
218695
339609
244465
45692
138932
235346
16772
263472
341636
278756
273470
108377
34559
299020
169402
388720
174309
282076
179717
180010
231305
325424
285653
117703
361986
371654
23560
99868
350413
33619
259846
212701
81960
223310
354051
291085
111587
97231
172746
126822
288998
230707
216791
137125
203411
333481
124271
105594
210480
19373
11743
208490
3491
142228
116324
338584
291866
10791
988
339182
148918
395092
385680
360863
391930
36475
66628
353270
356492
374462
186663
304647
28077
201995
318515
241499
93044
162590
224103
842
271700
1025
152079
187810
95815
80654
336057
330613
93398
79494
156205
45936
342698
377806
26624
26868
358433
249543
70973
265950
72536
370226
248847
325949
271883
153654
395507
270796
255537
230195
37366
269100
274080
178716
45741
282906
113455
225177
391405
254060
185845
220014
62331
200738
90029
206878
207440
236640
203851
295394
168352
325327
71181
150248
262117
182244
345908
209234
177166
336851
55409
142631
45008
367479
346250
266585
250276
121231
74086
222772
241450
331687
927
237153
5017
46632
161723
69899
65297
78518
363060
169438
72524
290084
376342
142777
241828
327512
188116
254756
105410
13977
69740
268770
40504
215607
29309
141288
35657
392724
7873
82912
357786
48731
382897
98184
182415
289193
141080
116971
49903
303427
283394
29602
209772
181402
224433
338511
315805
78273
349009
338755
134611
338999
88076
139933
329807
195611
276888
242011
184453
49806
357518
177556
124478
152970
388476
332920
305160
296493
23889
60695
323496
124698
24719
196282
118851
283004
64394
290694
324375
13538
391576
272273
131681
211200
312460
49977
131339
352134
255085
370397
191644
307455
378160
41187
238129
254634
86892
33594
396398
99075
218475
376171
360753
18237
259431
352415
51039
341050
357652
315024
220368
374803
91286
28833
276009
392443
157438
255256
376110
392297
142521
90591
264778
243073
137491
370787
307809
26477
159916
55055
391772
390038
345616
300973
148881
122428
272371
343369
170110
364244
378112
289742
69118
266060
236176
144486
259468
307003
250068
174614
107535
85720
330307
329294
123844
396630
115689
225800
55092
3772
301767
214545
139420
124918
38612
235212
187591
238142
360899
177080
152323
223761
212213
55555
48475
53822
226679
117764
86477
41724
29895
389416
81594
64552
222040
175615
201397
370567
5432
228229
114078
384276
19177
91860
200018
121793
143290
141496
289107
228754
234882
23950
386474
53321
358897
215704
48744
167107
75807
9692
73928
345921
148979
243464
366747
223407
233857
81264
42432
29798
311899
162529
31336
228217
231403
229291
246675
261250
317929
344920
378124
20130
216681
216901
373790
249104
129557
135905
72768
297396
9057
43812
51210
231391
71864
243147
343931
119425
194366
260371
304489
301803
352769
175688
265974
258357
70168
131608
265047
286324
233332
333079
91848
671
41163
51332
328061
269808
48146
344383
235895
198712
64406
206158
160222
172453
75600
57289
306613
172222
144669
289608
357567
376488
258186
377159
189532
59962
79726
266121
153288
202594
372801
356065
379992
221259
55702
185161
375572
236603
251081
131839
365929
87539
92349
245271
55348
105948
49745
117252
260750
63930
338401
308127
284188
106314
170854
38917
86111
80776
216803
62587
122025
278133
32129
226471
304745
395263
20142
238789
155058
133194
87282
351536
3198
242902
155876
72170
103494
231171
296359
16882
324814
339182
41639
217596
79372
6213
245954
395471
352317
31055
250642
313315
294430
243501
119632
119400
240827
298556
306869
395141
17822
205767
118192
219159
573
206292
130460
160417
184051
209942
329966
112527
329734
5102
333042
82155
50648
53639
251142
243733
297201
83547
162968
373082
306125
91750
356114
172466
275460
169512
300717
199603
227631
163029
117715
112942
123368
381713
104092
346031
88906
366588
77626
323044
218976
131327
103689
128507
18030
88528
366612
343223
142338
73525
148039
159160
105240
78481
74855
85744
208319
309030
399072
160100
160722
376158
272298
373632
249397
35670
377294
227533
322470
87905
278902
129740
48512
249983
57203
345774
114053
213312
385033
215900
221845
298727
212591
151347
352464
321738
221674
321848
351646
280477
11767
147050
305905
278841
380846
104409
369017
97170
262996
365977
101626
223224
85830
176506
386791
355699
309701
85622
383715
392956
111563
146220
182280
319418
175847
191924
20899
2075
154850
105862
330112
109732
361217
193340
264424
367284
254792
371031
185039
357725
86721
284896
155766
284371
262971
269685
314767
105594
389794
62221
384533
54860
163896
381188
182732
158330
69545
285689
396227
162590
45204
225397
280953
285189
82229
94412
350059
200164
118057
201702
312814
271321
386474
70314
326792
45631
387377
178093
225885
19312
38587
352232
386547
89004
372215
330246
94766
300729
137943
199908
276558
108816
76039
230536
53846
157695
22205
208148
389074
398681
207086
187151
280159
154472
312717
370787
369103
343858
48585
33106
226129
278975
9704
394811
172246
47816
179180
165385
302499
94375
37769
264387
372557
208856
43140
33887
11035
340672
41004
254976
120230
246528
370787
80593
127408
386181
28431
397338
349571
278341
48658
328574
133939
329209
69264
191607
236689
146244
239973
21069
102481
149516
38258
171391
107351
293246
154826
310544
227216
309958
210980
117789
394824
89883
70583
397766
7397
207953
309128
323496
247614
10889
2148
320834
280281
77138
195880
306796
187371
61720
22266
394286
103823
338926
221161
175713
16602
55055
231891
98110
89577
3942
16992
242023
376598
137455
380431
16870
185467
123783
142777
85293
355125
365868
336106
28724
308603
292416
180645
267036
344309
134183
206244
144474
228083
197820
80690
294637
148454
249873
107620
396679
297848
223517
356419
35547
341843
60426
386718
178655
239436
300192
329892
181292
76479
30030
290072
233613
374864
207147
27173
161479
140031
166081
284578
93642
109341
123966
123612
307956
63551
295736
27820
168840
64210
232062
339109
268819
79299
192486
388390
86330
259639
166167
283431
72499
328586
352745
316098
79323
347520
315964
351609
241792
119559
222357
162443
226252
294198
177642
269161
157939
35023
273238
250813
339707
313400
155436
87417
274727
90261
329844
296859
105606
48915
13208
28894
182464
340842
145793
78737
272237
207525
376012
382543
122122
340415
230451
157512
89260
241731
81582
249055
349388
248530
125418
247383
196868
82595
182049
336240
348667
388512
131156
36060
164726
322592
195355
204278
297213
55128
83510
55043
281173
48341
206891
361082
379161
372606
380309
199957
392175
323508
21033
7531
349583
2209
57863
300827
190411
121524
162749
32898
148564
100271
317648
342429
154411
308493
329074
60060
365294
125858
302706
334580
337498
75930
90749
340855
152031
98648
324350
232465
206927
223615
243769
101358
188299
106704
138639
306955
332969
92385
10913
337302
294845
264363
272994
364879
327866
146964
93374
259248
97720
319919
2697
219379
235041
208746
372215
187957
342429
113577
377538
210211
168010
138651
260029
99758
57826
85171
298312
174053
199591
169890
102456
221784
370384
232013
43372
64833
100820
90823
29773
77297
168059
316696
245307
223993
130155
77748
258418
381029
14477
124906
317319
100857
72402
377697
42567
184466
312973
173247
329929
222943
127909
241254
75722
71205
120609
67018
337522
216229
51515
105423
342271
202215
212311
108096
354844
75478
141691
226386
218976
11157
394872
152653
183599
284603
79567
162297
26636
349729
270992
119058
289083
386925
18005
306161
31617
82949
253450
145646
126578
5468
320651
268587
97366
334495
29041
398510
318112
313388
351011
110611
386034
381981
72731
129337
278865
354112
311484
26575
310019
2270
211676
383288
93813
211774
132486
76833
133500
266866
39271
356651
244270
231513
211456
370641
24060
387121
379271
204815
384459
289767
1928
98904
154203
209576
199761
299996
368041
314548
52613
217108
252925
361351
177324
139042
324716
55812
296456
177971
207257
45313
111026
101309
186773
105764
189654
314401
113870
85561
186529
56434
265669
169157
300827
272212
180632
22583
90090
22107
78542
183587
149943
292953
78127
58668
372716
71987
224823
289840
297494
146794
141251
253181
64101
293404
112784
52162
283480
115225
20789
167839
136857
395251
336082
128629
16528
23963
384948
162126
20386
165739
100344
391430
212933
325717
70888
338511
365123
380272
99734
97134
285702
32984
286397
337803
56422
159184
43482
107107
83632
300949
261336
384423
278792
375646
32496
357737
280404
60158
349253
381798
29822
313376
185882
180730
213556
99465
178948
257588
284334
374523
117496
273543
373693
398791
256038
359044
8386
37427
262593
319565
343357
311886
214484
298300
23364
264534
254255
258503
186272
399243
118192
247712
320053
360057
350096
6665
86294
310800
12573
285140
22644
77883
308700
27320
236530
318881
126065
189275
2905
179412
116263
350926
178350
100869
121756
84963
144120
241303
163151
45484
390502
372142
198907
338499
55214
113272
70400
336936
128116
168779
44508
302914
34839
226020
166374
179290
311862
180474
34864
313376
285396
348912
13208
275118
266866
133243
287179
132401
377086
397839
383507
345774
311935
222345
361021
245246
162004
93081
286788
51673
198504
195013
10010
5127
138212
267061
246113
362755
199737
83278
183318
228681
63759
222162
224628
178594
49598
186834
277217
241108
220783
338547
202142
198858
131913
305807
36646
171575
129557
331992
201654
43592
119412
223554
106839
98550
312521
361668
165959
223505
262788
239509
34791
45069
308420
187957
84182
160246
129801
151982
120877
24048
136271
380321
368370
256843
394311
290975
320432
133610
9533
375011
79958
17859
75319
200994
195233
302414
300070
182952
206512
219843
26087
173857
315170
84902
152262
147563
388109
331528
273165
31495
309701
106741
347093
352549
293990
384252
5432
358812
369505
359971
16101
79653
49147
92141
213202
186419
197967
148429
5639
116580
110806
22559
177263
323545
212823
83046
90725
314767
195049
16345
207940
340733
197650
127152
39234
397131
53346
58119
234162
2758
203473
91738
125931
15955
99148
396618
242536
351426
100271
180864
296517
60707
284432
114993
166374
38258
178643
386877
381713
15796
26221
151152
24817
107510
1257
335789
161284
168449
383263
368041
311825
28809
304489
382567
78164
266438
82424
273958
235285
180059
349925
356443
202484
225959
195440
192901
206048
380236
326010
356224
245612
89468
265327
84841
177056
72157
399523
395617
224250
33411
283016
16028
232282
155388
17151
98525
174480
26099
113895
279354
225922
68935
257161
44386
115836
335496
374413
364622
71376
124161
30787
363475
265364
87026
358543
378856
280355
287533
133915
182134
301681
271419
214447
116653
351878
213458
348643
318271
79018
2478
171013
180462
211432
127115
394750
26477
191338
24939
14380
350926
299960
157243
331369
193475
386364
272237
14539
7104
312936
118924
8484
183342
229584
274349
101870
196966
189446
146488
368541
332895
18445
15588
93716
157475
151274
176201
197930
96926
346299
42445
170952
285116
191875
279195
328623
243598
316513
21375
4541
356053
215521
244209
89712
299716
6518
146598
132108
196502
26355
10412
8984
45997
381933
197955
384459
3064
367430
150260
364464
262471
260493
248677
162187
313010
209735
2221
385937
323728
326242
223224
162236
24573
291354
253694
106619