384020
57228
375292
228852
382250
167912
109109
83730
286922
131107
132352
241853
29737
348814
47877
68324
394457
32410
133365
394372
94668
19421
341392
167107
74294
322080
303366
87795
43116
170586
249934
300668
60048
113382
160222
195110
176567
336912
252485
183745
152739
367381
128702
318588
258455
317160
85610
8117
372350
38087
304513
97659
390758
344468
232648
375389
359459
267879
268367
166777
140507
106741
62721
279744
226740
232758
350047
363121
316428
216937
219794
340842
60573
237690
342466
384496
195440
133365
61757
86574
72573
61903
65749
97097
199224
129996
149467
85915
201153
154216
181292
293368
20813
116800
185845
131705
363084
78334
55775
299765
201153
110049
4895
273470
155095
208160
275301
34583
355626
352635
10791
300253
5395
273116
209381
115799
50636
284322
266951
73390
175261
353465
225067
18848
330234
362193
235041
309372
10571
325608
150968
284444
292550
330796
364146
212604
243415
157377
391369
376403
316452
342612
329709
358250
343577
253437
90151
189434
338096
128238
322666
25025
120181
250459
345091
6994
377465
216815
188531
178081
373241
262544
71657
109048
114932
6213
16357
101675
195147
176494
117313
29932
317868
283492
177947
82119
122330
197125
25379
266133
117117
195062
16736
140543
336777
242585
249262
34058
133671
267110
387023
15662
317551
189654
216376
277999
255134
275875
42921
396667