392223
140324
192217
11731
35938
289815
24365
305404
288473
219928
306051
38892
168828
87112
327414
262996
360863
131363
293746
186272
365538
269563
195184
15881
28821
161589
58534
52052
308041
361534
143620
349131
338816
166545
246638
255403
65480
375939
273067
144462
297116
172746
42591
250434
251973
340757
88589
119473
52601
28809
214606
390404
234382
75624
370360
16541
129630
107022
209820
241645
390221
18420
293844
42005
310788
254963
99661
347740
15369
301779
200213
155180
169719
196966
175139
243488
81948
79641
16638
7385
53944
185747
192132
319028
46095
303903
126566
331089
117703
303988
266731
333896
305819
350877
290072
178887
204705
15796
220563
181048
308761
97915
214130
12634
180999
368443
176055
100967
310043
249995
172978
242463
317722
43678
1806
345713
380065
116177
78383
15857
123990
59572
7873
292965
262349
36292
199993
256721
29663
321848
91042
210113
81276
57423
335605
154435
318149
25550
130204
68288
300009
60487
231525
302926
109244
306625
31641
206488
128177
136808
52845
89712
391955
343430
224359
245527
379821
14661
103775
134989
307235
108316
205352
252217
381090
335874
197943
180681
280892
169182
334946
153373
128116
182329
278719
29480
6372
141068
82119
199871
94839
52577
289522
333994
77529
187688
319821
80727
290768
288399
94106
35657
71486
372997
70229
287154
168816
151310
246955
53944
281429
262727
100137
126615
183147
349192
13476
25379
299423
376036
166216
386925
196942
212823
240437
92532
49195
286983
310348
250239
340208
322446
276155
143205
69020
176104
204913
57191
317636
184307
140922
99368
244465
232038
148149
320944
366380
157280
347239
56312
191216
303012
109427
191155
263875
29346
170159
271712
87905
198419
24561
168218
385656
244245
367601
204596
358922
240437
141142
267146
13147
177947
350669
204510
207208
65504
213849
31727
91543
265279
203912
250532
197100
75991
349742
398632
37525
376488
355735
140348
87112
341648
303585
211310
197125
43739
98611
329319
312765
151213
23157
184258
353550
137772
159465
219489
319382
214020
244599
316928
284957
394384
119925
298751
144914
311508
337644
357860
372313
391027
286715
129813
52772
398791
201019
118704
257148
373375
11865
189324
214618
356212
207696
38343
349436
331870
63136
356895
43153
390954
244
396935
185345
128275
244221
254182
374974
88540
136124
379882
35096
272310
265157
233942
103347
114468
182976
192034
160734
148075
262556
219098
61085
165666
63991
221686
123978
90774
169975
391821
153263
372179
253169
54628
144010
113162
338218
132547
140116
148612
20667
138224
105301
82131
205597
9070
69801
95815
128080
95474
215411
145304
218329
15613
361241
152348
373790
89065
112808
207599
200787
61867
336924
396069
388244
35462
24707
57716
175823
312082
5676
95718
79262
268953
374816
144828
35096
174065
295577
212469
127433
55677
241193
204998
59376
338352
136661
151493
131315
357774
264094
137870
288863
267146
393810
363524
2783
47328
3698
333152
343491
333494
249482
396362
212408
370580
148014
247199
93203
210272
36634
396569
84670
61806
370616
29590
378380
309262
121439
60878
143314
307577
38453
399682
180010
270235
236140
237897
106717
360655
169780
373155
240119
100015
61867
379552
133085
204144
241816
38575
331980
361534
261433
242707
115872
265535
248664
384032
180498
212836
362157
240742
229035
180779
9045
173577
32532
96243
288644
45081
322373
208319
124198
273885
77138
277388
345677
236774
166777
93166
185613
230768
315952
34180
50929
208026
149674
180999
232880
295760
83425
296029
217865
313840
20203
382164
261519
102639
17224
132767
288509
273458
84597
185747
180730
394079
78505
293795
116214
222052
51478
123709
221283
198089
22180
197100
198577
12170
327195
284871
193292
254707
317331
368346
360191
365428
161064
279000
394006
292440
317404
329905
85427
273909
240791
250862
165642
154899
80617
339988
101333
251875
137687
144303
103238
377367
240241
181597
10339
237263
202020
16309
312399
213324
324887
201715
373192
143241
308359
201080
317148
311020
328843
200250
41639
259797
250801
124039
217706
40040
332407
169170
341367
305270
188372
165959
298361
267903
172148
81557
104678
327939
340293
176982
285238
386559
361265
330649
353453
257576
331308
240705
254097
388964
259859
18897
231843
107010
186980
88222
388195
395715
295297
297091
189129
23706
179021
362242
386059
31519
232465
353306
12537
191302
320603
131034
119302
51820
294149
52088
110049
181145
311667
252644
340501
219330
331260
23450
43226
153935
334202
188824
240864
230585
243220
1928
309970
311227
297640
269161
258211
92532
48255
215692
177385
196990
334080
205145
134647
349095
3698
225543
364598
249226
143656
254194
224494
157695
376329
14014
175518
1440
389843
233735
51991
15857
62587
124466
281710
134305
144706
385277
119205
337766
59047
50062
355162
377159
384337
88454
163774
280806
182622
72939
351133
59559
334043
25110
266731
22119
240864
153166
240900
112906
263728
193365
10364
85232
52345
267879
194683
121964
333213
171599
85964
116531
316928
200286
14331
26404
287472
32630
351707
311886
336069
378795
216254
72414
2038
307724
340366
293173
183184
166032
364122
214227
78261
200628
217230
234882
123905
397912
251728
165703
88637
51673
187871
240632
86404
172685
335886
101870
72109
51844
355955
369786
381725
290060
219049
10522
79396
6787
231012
113907
74086
140177
382348
93752
168291
150944
286361
123502
201202
42762
368187
219513
48976
211554
366820
184405
244550
236115
213226
23181
379369
322751
146537
244428
249763
116190
331113
59157
110342
189605
36841
89907
196868
125724
245295
2380
281173
102212
144035
72292
220648
293185
171855
299911
264729
199737
77187
84658
80910
221918
252339
72475
62843
384496
5981
388293
282857
129190
236494
66066
251631
85940
168486
289242
47328
135258
15173
253498
376781
274849
29016
264949
131180
202386
203106
85891
198858
127298
285897
340708
97549
323960
371678
194378
188665
338743
129313
316281
36182
163530
131803
341514
72487
288094
149101
242463
333774
143876
266707
22949
227472
251765
92568
347654
294222
386095
314743
118973
326877
267744
272322
14355
8996
298568
202191
396008
35438
49659
224042
205853
277425
16150
326108
58229
154655
350840
214313
142643
176995
89187
87087
149162
218109
178362
398486
229084
283700
222516
72109
203155
136759
257124
28357
29944
342332
264595
287362
347007
294283
343919
310190
96951
186748
246565
40992
51490
92373
391479
112283
45338
310312
271285
276021
332981
146061
362559
123001
80458
86037
252400
353050
204925
128995
293966
258430
374291
37061
303402
83108
179485
268807
210650
320273
292025
156840
176726
210553
19031
92385
289791
303659
268636
279500
152751
145719
337791
21179
74758
354905
335459
100161
178948
147856
53297
216583
339304
379393
96670
45277
58815
357933
88088
275130
1538
99319
155986
192852
291097
281356
121121
173918
88039
361571
193084
42860
358714
320883
389477
65846
347874
95461
90261
337510
67885
159404
139786
124991
116678
120645
108951
131510
337205
392748
329941
41846
230744
204840
116299
312497
236664
212469
180510
168706
391051
171660
261763
371239
276741
338731
376415
314926
377330
258455
303573
21973
347447
3003
118387
192229
312131
324118
385424
72817
307406
381041
24671
310104
374925
306857
62904
145915
22888
75502
82448
120999
366075
332090
380224
47865
56935
248945
249470
215753
321005
70131
196588
390026
208343
206500
105606
168767
174175
144157
362901
58754
300766
228754
354417
33472
73207
387902
148246
135807
21765
54530
174700
287545
142912
153483
316550
268611
211920
213763
22046
228205
99331
269283
52980
290560
3796
210211
280452
17603
313876
247700
140702
291366
211127
354344
163798
378112
327304
342979
387267
337339
167754
46131
67494
337559
13830
58998
101284
241731
16760
107876
170012
224652
195220
307162
18958
185003
49549
366978
84401
314242
304745
14111
80642
185186
294857
88772
359947
322592
301339
379601
257393
18176
357823
59389
233613
152787
33655
384289
27515
388036
309079
318503
31739
289962
54066
347544
103213
147282
223810
342124
221491
246638
282821
335300
7055
367296
370787
75502
312485
258052
121988
217804
298568
58510
51429
215887
8288
227472
19629
177471
250813
340830
288961
145329
208111
321481
83803
66701
176934
263838
367296
313486
258211
15283
146647
15649
6738
277230
220258
270491
253535
388109
78408
290108
113235
151017
270589
349717
389306
68349
351573
399218
389233
145902
318991
200579
162517
29078
54823
253401
373815
233588
283223
171404
223566
33204
357261
172075
29016
167046
387133
342185
77748
328855
222260
141520
366356
866
399743
7422
36878
194671
371739
322666
323325
261592
324301
8948
220819
135123
300057
8899
290023
167949
137333
318698
209051
125846
338181
233954
285714
301278
177752
71535
142240
308920
367711
29554
385351
125736
185857
48121
73781
138151
384923
333445
196172
358653
192449
7654
371410
374486
114871
347007
184270
190862
57838
70693
368700
331235
75441
343186
51112
156999
60963
152018
66640
369408
91396
124259
160161
255793
138431
243403
85280
43031
58412
329721
13342
120413
173564
346409
265157
294515
157219
193939
177752
38746
135465
55250
118973
99819
117606
154155
62074
23743
68129
189593
333091
363939
332505
108133
343235
133719
329428
77309
119107
266084
21997
122110
42909
42652
80227
87392
15442
55067
47499
388512
254158
260530
23438
212677
138908
294613
375695
33765
117886
203582
193072
302694
286202
358616
192669
376207
249507
314706
393310
346470
285531
176494
267964
233796
15430
233710
87539
5334
198162
28516
368614
81948
259675
217621
137479
195818
370006
391100
123233
261421
280379
211041
392162
322287
133097
232062
136075
35987
256440
166399
327060
359923
357286
156047
151091
300399
323984
14343
333115
187456
251667
399755
265974
338071
302987
83962
55800
169988
16235
77260
396276
228998
73854
373180
184234
191839
143436
75380
389379
107498
203936
269002
90139
339280
169646
398950
388671
270052
24097
317880
117020
33423
76857
366087
247505
133109
355308
45985
119144
13037
344163
53590
393334
40894
85146
229560
250642
367296
249324
192205
141727
323264
194476
15173
4528
218610
20349
111954
260469
3418
33875
90102
301876
255488
37098
137418
183587
355858
250300
302609
230719
115298
282735
33082
275447
114029
363573
132218
35218
217108
45387
298641
344785
328293
192986
10095
354722
44483
269673
314304
8777
73647
333884
289339
112771
78310
158281
136100
107156
207550
84170
265254
256245
179595
23474
341221
366173
377770
20911
45704
144328
22254
388769
323288
112710
80117
26892
71437
187652
376024
140348
237714
38404
166374
367174
286361
337314
39136
128763
196990
213617
1989
215607
157841
23938
21240
220404
315988
351524
274007
31519
347093
346812
176189
199090
7263
322190
248750
186162
29383
112808
284774
117642
126456
116629
279744
239301
264485
125577
387670
99453
367467
60878
365453
65810
216815
124552
368114
390014
307870
80031
357164
32203
225898
374022
384850
58473
104190
12329
216718
223224
126615
302182
154826
349314
37232
173210
324399
318369
19495
190191
286080
283712
107376
169341
236677
118460
291085
311301
60499
111282
79860
362767
294100
322287
84194
319809
66701
211578
380187
384850
79018
353025
218292
90200
82766
245588
239313
300460
123477
34900
159721
6225
209112
157414
289095
21936
66957
319760
242085
299874
51258
225763
7446
173223
64235
263570
336545
240498
352720
165495
13830
3869
243208
252986
172099
373888
277681
79238
14416
353147
212640
282003
105935
211297
343968
58949
397473
64052
220050
78383
343748
168523
205731
37415
278646
247456
359471
280367
209967
154960
86330
289877
396288
396069
229279
263081
268208
12683
261140
185540
56801
348558
240021
215216
91457
205487
190337
389208
129886
103616
172222
265547
82473
357969
101712
112771
93887
284005
184173
259504
144035
44532
223517
216827
331138
50587
269747
185723
399304
228583
67238
162199
73171
66481
166277
52601
362096
151408
160441
11523
196185
111026
112247
14917
157219
71413
229560
280819
66200
143888
55238
350303
190789
253083
232721
41004
34485
19104
109646
85866
70546
206036
242548
69508
382811
249214
264534
274764
376122
174150
378991
251838
318759
219196
141410
322702
79384
74611
392101
33069
221076
250654
2087
164568
14783
286935
94900
319528
334983
315793
206500
290963
399633
292025
246150
30213
317416
201519
320444
24719
4345
361326
283175
98477
32435
323545
273458
47572
172917
295773
104666
123526
396484
390331
366612
376635
93081
14929
303524
72011
273702
317282
130314
190923
116702
396032
49635
229560
221246
190704
32154
308078
330088
363011
222711
202349
284603
81960
34669
310763
374230
225605
195086
168706
242915
111453
203180
323288
115213
68434
264534
380614
304281
362743
163615
238227
364476
390014
137076
115298
251033
246540
210309
392883
49122
191802
259810
76821
235114
114871
63808
95901
232245
117349
3698
247590
23364
325070
78701
3869
183233
241303
296395
389941
292818
153825
101419
347788
298104
108438
305075
397705
376024
161308
378063
209698
269771
222809
169182
97769
56337
5188
112161
249238
108401
186724
183330
101675
213324
104702
72573
80190
11706
289864
30066
107107
317941
354722
51246
297054
285262
148307
62672
249507
377941
289815
371044
351597
112820
393639
238019
303598
133133
298324
243476
279439
376622
211944
299325
335007
300766
286385
176702
276570
127665
332969
8996
1782
270748
192059
33130
125968
306137
269075
231501
105960
251033
349327
337388
74147
311581
204364
66029
395153
262874
102163
34034
357689
223310
333750
29480
14050
386205
268672
295455
179802
270686
51966
89162
206073
254866
255024
379577
136979
353404
192706
145609
64833
202032
219623
337766
95413
11853
317600
165446
135819
55397
287154
172612
117679
47425
255342
364183
267830
382592
12561
245735
39234
192779
290719
238996
114603
186407
95242
135587
95010
32215
3686
51576
286397
250190
343015
345310
195965
371935
158439
360948
151493
133097
286178
60463
255623
260371
42445
6213
287838
15442
41627
156938
366673
58534
255549
139469
384508
193975
226911
258723
27527
160271
148979
308517
193365
227240
124259
245661
18860
162614
314487
189751
330552
130814
94644
211371
130191
86086
123306
170940
128080
22730
241889
70973
336436
44984
315329
384032
135416
218695
126676
18958
224457
367748
238080
187981
70998
177410
330661
236970
269673
167217
135819
101565
223847
295931
270479
251594
162578
360985
88625
186175
305075
154972
261873
342222
185320
341685
1379
78640
149455
14160
233686
198858
38233
297311
242927
274068
267085
357444
291988
29871
316476
381530
135062
258589
244795
288302
334092
119901
236481
334006
291634
292257
197796
375133
312631
37574
12646
350682
7568
41761
71266
346519
349620
293404
283809
4126
98013
63344
391845
36585
300546
47523
189812
13843
387304
135538
69240
380285
368382
67567
98098
66554
248042
42005
47767
58680
367687
136442
180266
286532
190252
4345
7959
194341
38624
110135
38624
355906
100308
364915
118045
296566
11096
225568
182769
284994
130118
119620
235590
256746
218768
258369
156108
32569
236091
300778
159013
393652
163066
330698
112454
376281
368260
209857
129178
348777
227362
169072
242622
232782
109292
100332
380944
31629
40955
12134
50904
28235
163628
310544
144694
215045
293148
368565
281698
318503
96487
46375
97988
380504
397326
224750
296066
59474
322934
214227
267036
213422
4992
102713
98245
127457
346922
303720
178276
348521
369884
367906
212286
89394
50428
120499
59962
365062
361949
386938
208575
223224
32471
369164
293746
32215
331492
135489
280379
388183
198126
85940
316183
204388
223187
256111
270430
145109
197674
121610
170305
166447
340171
165971
147489
126773
115616
274214
307260
229132
358079
214728
332920
258211
209747
71950
37757
374315
189104
292318
277230
26929
100198
5957
233722
150297
296102
86758
86599
3393
208539
13110
279805
217181
256611
192010
399572
211175
246797
8874
74965
342149
376940
65724
113431
147343
356553
70070
284041
244746
356187
37110
360924
52797
97988
267720
39295
92251
200384
164690
336741
232502
88967
149821
91994
244953
186468
344175
174089
25879
294051
274214
213959
251460
276436
66212
71291
27088
163603
191375
49085
294027
181279
224286
68288
355320
222858
77175
215045
283883
75197
172417
73244
175115
310946
15784
54652
206488
359556
33069
139127
66713
69972
132425
37598
116922
76979
254939
190203
46351
84109
376171
11914
185137
375426
20715
398644
36524
68617
352806
105581
391283
222211
104959
211102
386388
108926
7617
278035
271040
368150
181890
25244
41956
149674
358214
121805
310910
361497
183184
316342
366563
133817
277303
114029
193560
212152
105813
213788
211004
391662
125540
318039
293075
305587
269844
327719
234015
279915
234382
134879
20325
367015
26245
225507
72426
270760
238776
304928
218292
275386
114712
158415
361644
290951
60084
359434
7275
327488
271468
238056
5786
310812
138871
322055
80361
151969
87075
263045
298153
383349
117667
260444
48609
273458
314291
195489
291427
133304
373851
87856
236408
326572
225788
87600
218024
96194
2380
14600
326804
319980
222064
258259
160429
107400
48719
49732
56776
150541
89199
119510
371507
341233
391552
152494
362620
167265
106668
53236
44727
199920
275606
233967
175151
385436
205194
337607
134623
252815
94509
8581
65102
350669
374523
323703
226984
25305
23572
295736
338438
52931
321213
262092
259224
38001
302621
171269
381591
290707
376537
179338
290658
95706
368785
369139
56862
84902
54188
204608
322885
226508
39283
132853
347679
343064
258198
346226
170000
270882
344370
317160
53920
173332
340635
118192
178984
120670
9949
339536
137260
248579
9509
16846
12
208258
390563
181731
116409
20386
86550
47303
206707
245515
52064
241425
112503
383239
115005
100112
366527
212933
204571
233661
144376
188396
17493
177776
360985
398693
185137
342539
273873
208160
203765
71327
156083
87661
190667
222663
1159
149809
128543
86880
22534
100540
60670
250788
110074
319687
99356
22205
6091
382848
110135
227350
163396
337266
334311
393285
247883
244038
12244
328025
48158
99246
69924
310861
154692
46534
131302
305282
370995
193560
318942
7043
19299
344822
105435
139970
103384
163457
278133
11816
290792
74452
279512
142875
277108
221613
186101
179644
94851
191180
387878
106265
129361
14099
231147
166008
204119
359971
287166
305478
98232
34546
309006
153971
58412
294064
339194
350462
67921
88100
230707
230756
35145
144096
243671
287350
64101
5603
380394
14307
169585
337095
321091
350010
199224
207550
23059
129825
125162
65541
45472
161626
267769
118192
62501
336362
13794
26502
227265
186260
191668
29651
249006
303353
66212
210638
46058
230402
115518
15881
37171
237214
352244
341245
133475
194500
151969
296835
293832
157890
151139
163371
105935
274617
176970
252412
255732
225397
171892
382873
147502
213885
75112
86623
137406
116397
23548
255415
242646
4150
34962
341636
189007
250801
135502
225617
259126
37501
94351
61757
204095
68251
127848
16052
80751
307809
135673
7593
277425
154765
31617
166374
190215
262337
331247
120072
12793
219232
359202
222284
301876
103262
38538
34485
180889
120010
224555
374681
44618
339280
345603
244611
26978
341514
313583
148686
94631
387108
266280
316672
228864
320688
304403
142728
158244
223114
185552
153520
304599
223664
337717
17566
204705
284835
154875
308639
70339
172295
137052
335410
149027
22547
237458
150163
348155
120694
179131
248872
384789
300863
103616
275045
123831
381823
114163
240180
366942
50209
276021
373021
154680
4004
36146
310165
44593
368504
225067
140714
227387
197589
203180
17249
143937
72597
114163
45716
65749
11389
7824
366698
100906
299972
195062
340623
288583
259370
197332
349449
44093
160148
253144
327085
217450
97073
344053
131363
27515
236396
302743
269893
134537
248323
365636
92214
113443
337180
132450
361058
390417
81667
95437
114749
105227
297811
100479
333811
161894
137028
102835
323740
130069
231928
379906
126749
259797
102188
163457
75051
71901
233149
253999
397827
386828
239448
179546
394775
254109
326535
261568
88442
45289
262092
350303
268147
172429
270247
392248
237531
295028
60975
192107
378771
77700
7043
331797
45558
361119
281185
8935
297567
208722
365880
157463
388683
291756
348411
12634
321860
75026
13415
283236
382702
66029
345713
293185
364488
189727
255684
255195
197186
351768
339939
39051
292794
252314
89516
396813
119559
113309
358336
7544
117740
181438
304232
304245
269112
269356
215143
245063
32972
397790
233100
191705
161076
200762
388109
257393
303854
156840
354979
286715
120682
308371
345066
30115
206500
331723
345835
275423
147270
220758
320493
298825
16943
245991
180315
397961
228290
252143
142094
69484
50086
156437
283309
193719
103372
110147
307358
188738
348850
185955
331516
96646
78444
53590
110061
164213
223139
106277
305001
280636
89736
100357
16956
234821
39014
370848
188775
354722
217853
85146
294210
291109
57679
397607
324314
308505
251875
167326
284005
45521
324582
101797
11169
307382
303378
188738
331138
52760
8423
278817
358531
137919
70473
281527
359556
380089
190301
236970
186724
303134
351988
325876
298910
127579
102713
280343
178862
367796
11365
257942
361119
198541
18628
241560
82338
153752
390881
27552
366966
119718
390575
64650
160417
185283
375548
6115
122586
111673
39649
37806
93813
184319
107339
244355
46143
9106
194659
276241
132218
15833
149137
180132
44276
231098
381115
254963
95876
283150
98855
396325
238727
1477
160307
391637
227179
173198
253474
28553
342893
19141
318417
79311
292159
151884
323068
223090
88369
378344
305502
169377
132132
309384
394982
44544
301547
138981
324619
304208
65187
355430
147746
33790
230146
146977
70851
300082
337815
64662
315280
215741
319772
304538
120426
379967
26392
171953
830
157121
40516
90456
369689
256343
188848
117642
241157
274336
363499
330515
324240
263997
66127
242939
220441
391259
87380
217645
37940
142826
333811
35169
134513
347056
15039
382409
102053
270699
203643
23120
304818
253950
180022
13147
284224
146208
375133
122379
142460
5127
123172
26465
17566
121524
237092
30555
162358
32471
219147
287411
339780
385216
119180
72695
247224
114371
53016
79787
82119
394982
193536
96523
161638
233613
246845
226593
308554
360570
26221
17810
316183
285091
136149
60170
204718
376537
378942
15637
381408
233710
96621
42677
17090
5053
60438
377733
151908
322128
120523
36255
242011
308761
228192
195770
260493
128617
243403
23426
264668
333494
139896
110696
342112
74855
20508
77419
48280
41199
355076
308066
247981
183733
253498
382409
73122
92703
186590
163274
309640
87185
166875
103848
325534
80495
202264
336960
253022
283993
34644
308883
337034
11572
176396
120267
362523
247566
56813
136503
273360
240253
91348
30164
94998
183819
285982
217987
273580
250996
189117
54786
143925
38953
3881
147123
39051
291158
72853
348716
353404
157243
148026
585
272615
253889
58461
378258
282198
388866
388122
308236
367552
210882
376183
116837
17883
47743
52735
73366
346678
195233
222052
90298
40821
319333
105874
43116
251423
34180
259614
272139
138273
318405
173467
28748
180901
32007
171379
228888
168437
396911
219989
275899
180938
102810
60402
115433
274544
301767
74977
84963
383141
153263
101870
120267
148857
182696
9656
81398
193975
115543
44654
360863
146806
49977
363438
136027
133854
30042
162871
28919
251020
82314
220502
135306
326132
178228
57411
185808
85366
184661
336399
1709
36194
65431
107596
207684
379064
395959
314548
164018
260579
253694
372631
280977
280660
147001
32837
77590
165947
244550
143205
347605
122220
368272
120218
394763
178215
11841
143107
300326
33289
47694
283162
385033
121573
384557
180730
228046
4956
38489
282357
205511
7556
279598
250630
311117
203997
116983
359154
21143
274166
384630
285128
366649
336851
90383
312204
375060
274813
90871
155839
243867
63710
154631
23987
208844
217487
75966
325266
269344
62611
102212
237409
132938
153788
136686
348326
142374
143473
179949
382299
146842
17957
271846
23902
280306
12158
396813
252021
209503
316000
215033
396520
13757
284542
281759
330063
59584
264668
217511
207721
232050
150541
291512
366527
285848
180584
280953
197808
78383
88259
68410
204718
247358
119315
240278
57277
95315
27954
348203
57753
43885
364378
296505
28479
219916
166179
117825
235065
136173
166313
399499
357090
229157
29773
223285
319003
216290
331821
80813
193731
235261
190008
227411
191351
127872
62709
336533
345518
30909
226532
117691
109939
36512
45045
360020
277645
84646
141557
64113
235200
250044
188189
324777
164873
186175
23865
226911
6677
288814
13830
217267
393212
141593
362877
214435
169646
6067
95107
319675
111355
118826
212652
190936
251680
358201
145609
142765
32349
242866
6067
34388
289156
225104
158476
208673
285091
241071
218842
144303
3857
80471
195464
283736
115884
338523
283516
299520
229560
112112
25977
61281
240070
203314
153605
166069
188518
392236
216156
294454
243525
341904
117642
254927
218121
297799
267928
379027
234235
344334
63222
129837
347373
380834
208075
386205
343882
379638
191106
265193
323508
288680
27295
345457
79396
341111
379186
353746
288521
334409
169292
377306
324509
241621
196673
64479
105777
317050
269747
76149
391308
258955
368077
250434
136515
391918
145500
343113
121829
31055
87295
206463
266426
390966
233552
68752
239594
1428
181670
177092
382262
393041
280111
66005
151188
14404
126065
314340
298336
144267
279671
252900
397827
360423
106900
85451
333115
128287
64101
85415
156852
71401
136246
130838
135782
286605
341697
240278
193414
66042
215851
171770
162797
388927
386205
347788
61952
345103
351243
168254
204474
53382
375914
374596
357774
36719
15747
326828
161491
16992
382726
56581
18579
291793
264619
358372
271504
255818
11206
381603
276131
29163
99014
385924
385717
155351
287667
322324
57679
131083
280111
302511
295394
330845
199188
19055
37659
88357
193169
378930
308456
97598
282699
12549
139139
295834
161577
321555
76027
191253
64052
126798
85451
397558
10925
380199
69057
338132
147111
1843
201739
82192
283077
105862
104763
75551
152726
76650
66505
328305
100173
358641
123319
22132
107889