63881
237861
367027
269759
360203
84963
146464
382470
229194
176250
219208
231
40540
230219
347117
85341
363890
368663
72865
85695
27625
390063
149565
296139
284884
322116
133463
130069
48768
165385
2673
313608
159941
141154
263948
14868
48487
155400
10412
121109
352977
191900
192510
75759
58888
346641
364708
288265
119315
216107
170488
329099
119913
352085
228205
122342
351097
295223
80092
348533
249678
300167
267159
69985
372521
64442
192278
191546
64784
373876
34144
368688
385192
176799
374510
376036
50672
199798
201007
348350
363377
17212
148588
106826
81838
87185
41492
382909
199420
66530
398547
152311
392223
117032
164250
91799
298971
115640
328281
370958
195513
281112
95510
391674
226313
129471
69557
287850
355442
71022
311960
197735
199676
161113
139701
321335
106082
317355
323520
175554
236603
115823
149443
59498
222211
78591
6176
342429
149162
165166
360740
386803
239582
180327
184832
319064
389342
210968
94582
260554
125235
204193
66029
231061
144340
399487
188824
137565
397839
127054
320847
260567
281868
285396
305941
50660
297958
209955
217633
47730
345445
245905
290914
335276
8423
337253
4931
342381
399780
344798
378991
205938
124613
5639
144169
105447
125968
246467
253486
182952
374755
163261
192547
260689
366954
180010
153691
368871
390246
98696
135831
96108
322702
153300
32569
175066
125968
180095
171160
315622
395580
217011
364635
298336
330637
44203
139848
340537
285689
178728
203717
147441
267036
235444
210235
261177
336106
366966
90835
319675
282381
94924
10473
238422
128275
245234
211993
127359
28638
299606
211322
155278
327268
76149
205926
174553
332847
51246
159001
318430
177092
35438
222016
383483
317331
115567
357982
9778
246064
376036
28015
271138
170159
111246
203765
288070
22034
242133
167937
275875
365379
48976
165776
240388
357811
333237
369786
133915
133280
120621
20105
283773
366319
218256
3418
306002
380834
338132
332358
116751
366063
299520
188384
53834
261897
22742
390429
120902
76369
26892
351683
166765
197576
343968
187359
212421
62685
361815
35572
338242
146501
308651
54115
143693
31946
91323
355455
392455
325217
200079
342454
54847
377843
392199
307589
160844
378392
67018
357652
75319
176104
44947
326987
8740
199176
62758
141373
175395
29908
97915
295199
11816
399584
234199
304489
267830
165129
381334
398107
182757
30652
160905
309860
159331
175627
271358
33741
147721
352928
44166
5139
152201
18616
104177
370140
272994
256611
46095
5664
295822
259968
40064
153056
241499
132023
278609
127164
288302
369469
377416
363927
279378
189825
242573
268636
27942
266182
116776
127518
232538
31299
116800
145121
14905
313791
175017
269881
93215
268807
297201
270577
2685
165825
49317
126041
376598
195928
385741
190618
299728
61049
331235
397924
347251
307895
29541
365379
120950
168730
270748
62050
95840
71840
9997
102285
189349
383971
390380
127494
65590
147172
381798
338926
387524
172991
149198
243549
28882
255818
61915
75795
59254
68520
256953
157609
313815
302548
268807
59157
161088
15002
38038
22998
80715
345347
211383
113846
63869
164006
245637
356773
248835
215655
228095
126053
204290
119437
125748
47462
272737
388744
376012
276168
186504
232978
331247
13013
369017
103958
69826
121585
333640
149247
85964
108487
392736
335093
371031
129508
289376
201275
198736
83938
164104
10669
126822
59779
269527
55665
327500
192193
44935
284261
359349
197674
163603
208038
93252
246662
165276
54799
104580
236713
86318
328220
44288
329184
299948
336899
101528
211481
379235
55641
70082
347813
395117
281136
331223
280465
262227
244672
65468
44618
144804
44422
205792
158793
335178
259810
44654
253559
17554
110257
207538
201141
129410
121109
105301
208197
132926
259053
177996
134476
309311
299484
242573
99612
188030
188494
256990
240900
323899
361925
13208
84145
34156
183782
71681
190459
308371
66908
49598
141227
103299
237995
175676
323935
35645
109707
223798
381212
84743
22363
138029
185686
118008
117630
61622
203155
251582
106656
82351
306454
258540
295406
206769
302670
237324
29383
75869
36133
152787
320456
134745
329697
62440
18189
168462
226691
240314
288229
117032
196343
210956
360155
281722
364842
306198
107473
235163
234687
356932
22058
348057
154936
332651
145622
44654
204571
341111
120780
299716
351805
573
324057
89248
351475
197430
243525
307870
43482
41126
63393
64833
114249
29627
18176
71657
384118
237250
278865
33558
82973
137772
333628
357298
376683
75246
225568
287923
6762
194817
210028
387047
305880
46363
393835
264790
51588
273189
119168
278377
20886
398376
254475
109451
108059
121341
154765
132963
68239
137052
54164
89761
349290
290316
252778
175798
74526
277828
260713
260103
238630
310299
61659
344212
379357
147282
258381
375511
387560
317184
62807
126932
118008
334788
293185
55690
63441
129154
340733
253218
154411
293978
268245
399169
347410
173235
203436
231806
63808
194390
189056
247224
142069
261836
252754
140067
365660
222956
258833
298068
229401
219330
104605
263057
6408
135624
223786
270833
178533
358629
159331
182512
292355
258919
368468
319687
103592
207721
222040
116019
72353
341441
161088
297824
71462
286263
172844
105960
170769
255500
148783
71633
359630
132084
287240
258674
270186
148649
302987
84658
163969
177837
6408
33460
244257
45228
14685
171721
356627
277486
357506
181670
340501
97988
139786
222943
293734
82888
23975
135734
213141
289559
294369
297872
273274
70387
265901
48280
5896
384105
200042
189458
42909
17334
290255
281160
284823
128812
279280
38184
157756
128690
271260
344480
21057
105533
300643
396118
188238
13525
20703
85744
223725
32251
74172
140922
177837
311679
108230
328855
22644
114737
196697
240009
150981
170207
231647
163188
1269
248042
47096
164494
70778
170049
37232
82668
379393
268086
231647
153361
246906
302523
390112
174822
45973
53224
279342
127469
193365
195904
294454
159855
42005
275826
387194
53590
336338
392016
263911
79653
293319
203790
15503
158561
171941
272750
141850
36964
393310
152140
133292
193243
74111
236652
171684
184344
35853
184600
313473
146659
352366
125492
117203
163249
298080
265108
278243
10010
359617
300814
32837
393176
173149
259443
294381
190789
50013
170464
284041
10583
353160
186712
18555
176775
386754
165251
17529
258125
261824
320993
192669
250154
199847
365404
81667
123526
337412
342844
389098
251545
293978
177166
396740
228815
365489
340867
6054
194085
6286
259419
175212
169267
261751
63295
112942
327500
214227
300143
192181
102529
104824
19544
145561
252107
393346
243061
305539
187664
219098
31775
251496
282967
125040
164152
226386
274202
107522
36439
85427
263875
254512
398278
339316
241218
234430
335898
54420
231452
98428
315622
172673
186407
258333
99880
213251
129190
302865
148405
118973
65114
114737
117166
9680
171575
150968
267342
5114
379418
348985
197064
79848
258052
120950
308236
112747
317172
99038
21008
93496
37147
93752
148527
248579
141105
328293
244135
249360
20557
10925
333909
64650
227863
308395
246772
20386
147148
182415
354795
228705
357054
152067
136100
149174
197027
44398
372997
44459
50318
195892
197662
293148
55665
167094
398168
321945
360460
33155
196917
319992
227887
312570
114468
297762
310373
396667
130838
52858
201971
342515
157072
205475
382213
291476
29432
265767
263728
376122
38721
295883
256428
177837
7336
128861
360509
197845
326352
307309
817
3906
165385
303769
15308
315292
267561
185955
309616
88601
342136
88821
90835
266890
67238
56202
192498
54408
115433
214496
3540
179851
214154
240913
113699
210187
254060
88637
387719
377916
257405
131717
181060
183977
19141
291793
9497
239118
233112
309433
185076
5822
315890
322531
131022
303720
340891
314206
288009
40601
294991
392736
324399
31897
70436
65981
362852
170793
204303
72951
135819
11658
378148
134757
382494
229328
90334
187688
199615
216571
113565
60841
258735
82399
349876
360704
2307
313632
296053
325278
331333
162236
131473
210321
296700
21021
241291
370043
107107
49977
387096
194805
165861
316013
337888
268453
48976
308432
373595
107571
337327
292684
273860
45387
15027
364903
4345
22583
347007
69765
313315
247724
347581
44032
50770
89638
353355
148490
22888
164494
12195
350584
193926
379674
1379
20349
48426
97341
186883
302218
126029
380053
336777
24939
141434
80739
100967
212421
102053
139933
369859
57765
235737
252339
324338
223187
141264
265559
289767
328073
173943
73281
306357
87905
278817
365550
128409
166570
84109
398510
165019
204168
267293
346238
274629
83388
206256
397070
326010
296542
328244
156962
238190
275801
168877
122428
211700
149418
153813
385424
63844
386034
115616
332810
380285
389831
158256
102908
395483
109073
81740
361473
114761
120230
179485
359739
390063
250556
20728
37025
62123
201336
30677
130411
281759
234492
80825
53785
322287
184929
301828
309091
196026
61134
331638
392028
387206
96646
211261
154765
13623
314743
340647
388317
129947
268868
107254
186675
284713
221442
199810
55836
243794
23389
219611
329551
192864
156999
202130
254731
131168
4406
61146
108938
169194
204669
368163
112332
42835
161210
79311
96597
356395
362987
222626
93545
266939
181011
357737
205658
122745
3552
20947
321140
167973
371800
367809
36060
226288
178948
225861
146037
275960
195098
170183
69838
28772
380394
33887
167668
225434
48841
266438
116385
159794
145670
151994
304257
144560
300155
100540
207806
230842
316953
224079
313132
294149
368126
10486
344248
399316
348496
107583
361033
156743
256685
229804
289144
382665
64564
200030
44471
175688
137394
139127
214618
322397
267232
15576
259981
144169
382238
167815
196734
298141
194122
211639
324472
244294
46461
345445
160795
91726
226276
65358
345506
336143
201373
303378
276717
1269
245979
244
41639
296847
117166
326401
204303
305209
44532
362706
12756
209625
295712
254170
388549
176299
180083
48573
260335
2868
353392
232892
204962
45814
85451
179778
357750
139225
153874
116800
154924
217535
225898
30762
70632
154594
191009
319736
110892
131766
306991
5163
27161
247248
21533
116751
11841
279488
332383
62331
38404
316879
347984
195623
208490
366380
111648
393884
268575
53614
351402
258442
258626
126834
18066
350254
55336
77187
274263
73158
172417
388122
196478
17297
380248
125919
53175
375182
107779
384374
221015
42847
388879
295748
1831
18860
115616
120657
3015
113235
361278
129398
343662
179180
335178
187090
348802
79897
332224
355357
394738
3161
39332
222797
367406
135905
361534
76955
196600
111575
329929
30091
128507
42555
54383
211481
199017
350389
83071
138480
170220
205926
131656
379174
192840
192400
344456
218707
256819
203411
50172
42274
292782
188763
374645
146830
186651
360325
73073
294235
370238
70571
144425
118338
249885
376427
190142
298556
336130
300436
80104
212128
136381
202508
288021
378026
73659
273970
58815
204596
293429
366978
370641
153715
221210
371459
53822
33765
133622
152336
29456
134073
205047
259321
29871
113248
292672
21851
363805
353917
322226
241767
288448
296359
137137
296041
351170
63563
273335
62282
263130
290182
122379
79262
67531
67885
145377
355235
164885
319638
200213
36280
357701
115335
244514
347422
277388
41480
276863
218817
155546
137052
178911
209625
302340
108474
320664
142106
254390
135892
391576
58204
354759
383373
119937
311496
327304
325498
143095
6616
8288
2954
290816
398974
397375
319382
344566
67006
190581
92202
134989
69728
358055
169939
40247
301791
328513
328269
347581
58754
343516
57594
140556
25122
343552
154545
174895
297347
348850
229779
4712
54603
297054
244782
222333
289730
300497
390038
73671
12720
85573
217084
112076
139567
176494
137052
152848
278487
386217
198016
191033
226569
176799
53785
145023
188921
51881
236652
88503
333017
143607
246455
33057
90701
356639
368651
124137
220355
231659
333652
312790
41688
90969
130265
365660
55739
28553
85354
75771
362486
307187
322507
136661
288607
125077
312057
342161
37952
314621
225080
374547
177190
135502
3747
243464
168913
125040
260579
38148
165190
367894
119083
55372
73537
147892
108413
165715
108206
344407
24317
280611
39027
135648
269014
382641
150419
171648
182488
381688
323142
179119
277755
259273
251069
360972
292391
363756
5737
152751
369115
318747
361033
98733
77675
7373
90383
9936
190704
294808
49403
366722
325937
151432
55873
128360
167326
239582
380114
312302
177703
25794
257820
105252
315073
81460
38319
68910
265584
234260
180181
2758
105288
32825
107181
26258
103274
187273
136869
43238
178777
247920
294283
150663
124637
384838
23291
354551
309750
130655
208209
155339
372789
349217
317893
365379
19934
92385
85158
120780
239069
207818
133756
250569
242646
159782
165495
365025
52223
326010
320126
26392
36793
232599
320261
163933
117447
189886
14014
295956
351048
391491
327805
121573
5322
139115
241731
244355
37769
55812
268
190496
91042
349766
170451
84133
117203
391528
360264
142045
143388
267036
9765
350535
291439
368858
267305
86684
163798
88174
163310
46803
108511
70216
94448
244294
275435
295248
230219
39539
376500
48011
54847
364476
62257
37916
256782
103958
27515
332432
378319
396911
158110
366319
237946
19251
31836
289193
137833
11609
85683
313791
268929
313864
361937
127506
326218
169292
345713
229792
146732
260823
6494
57765
382580
341648
355943
362633
21729
323044
34595
299398
168950
181633
240217
292306
99258
248677
109671
338657
196807
43873
67567
13306
191119
16333
53578
236506
103677
354893
141239
267464
317148
30530
60695
386327
179656
233429
337791
126725
356846
166863
362022
121805
344004
160795
96072
225959
350877
67397
339097
374755
171660
301168
256428
45802
252632
286007
288253
382836
369896
71877
349644
45472
329844
283565
234516
47462
104763
163762
136027
245527
216083
73415
195770
341587
177764
211444
194524
60731
212384
316574
296774
167497
52333
113650
361741
182866
38721
67055
333237
64638
330430
203558
20984
113516
235700
167265
385851
367455
279110
269063
241389
146867
215985
293173
84414
213104
7080
223114
166911
202594
165935
49757
121854
199420
91262
23999
55458
308590
397167
116263
18298
292599
253352
45728
167888
333811
148100
241499
135099
185064
286373
298263
307101
171098
235529
89138
338987
103262
31250
97854
7092
370006
356151
133121
116019
65529
3393
187408
172075
19519
238190
202862
135746
389831
269234
106692
165434
281051
242927
78615
65199
251557
372753
12781
348875
371031
216217
136796
233014
291476
312106
150236
71413
393896
190166
45240
343418
73354
166179
371532
308566
224787
134562
308578
40345
391967
371129
107254
151237
42457
358543
263509
121549
30713
246919
386559
344932
112002
162077
124124
2514
169597
373949
307309
278731
217731
337607
277242
230695
42921
19544
356553
24378
345945
321543
227655
49403
247175
14612
180718
225385
217731
395837
393530
12048
98806
280086
5981
236005
71852
139603
351646
46070
242048
3588
108597
110354
297494
330600
332737
167021
106729
65944
335142
41505
317062
296859
366844
242707
216095
117752
72865
50465
319077
318185
278524
7129
144584
305954
270039
325302
240913
277791
132291
124674
125711
50355
306186
210174
1599
163774
327842
304074
309811
270308
112479
244428
184746
20777
145353
62501
71864
261116
342027
51600
371214
151469
340879
139689
169341
20667
190093
78566
321994
368150
191607
161882
150004
26075
64601
384533
11047
294271
191155
155986
209686
60084
306259
80092
108072
316074
394946
313620
300143
287752
358970
216376
111331
384081
15442
205133
86831
182976
390124
124002
130448
264680
267537
243720
156791
105044
160905
2233
319272
41700
63808
199432
76357
325217
346629
157988
358629
67970
159843
363316
99038
303256
307003
94875
189141
366869
149589
161369
123331
214044
306515
252351
394116
283895
310605
218720
300497
324094
184636
394689
232233
388207
299410
273580
92373
218134
76271
250080
120474
224250
296810
141386
179253
275667
381957
399731
166863
313241
203167
128824
17603
197552
188201
216815
353306
4773
83767
97927
247981
182525
137858
55690
368395
378405
264070
380077
352732
353794
150370
90847
290218
195135
275057
140116
363890
35572
392101
205987
119193
99050
248554
390404
220929
79702
296627
133133
160856
268855
362535
54872
378673
242158
35120
241633
258699
319431
336399
283077
64955
9607
36597
177263
276924
253401
176335
214288
388598
76027
158232
151298
233344
62697
170610
191509
297067
69191
105703
79519
82106
380138
134879
25586
184441
127323
303476
171330
346617
180913
307516
309262
349070
325571
15124
168803
2172
334299
294882
381188
301522
352610
313681
35718
9009
205059
66689
140055
122293
237214
301864
96694
94900
105081
201312
108609
269685
124820
182464
226142
388097
394994
181035
147770
237592
304074
378649
87417
300070
35572
337437
20593
63307
283358
304232
21875
258418
189495
246675
206451
285372
117447
384020
187884
289547
72743
374803
164983
351316
383983
124137
349913
251594
256270
173064
50270
275545
10071
232306
317624
117178
217499
223236
274813
347129
348875
388183
234858
306259
141911
32911
123599
87563
306088
263618
318820
68874
174614
280843
218243
58705
116605
193060
48988
318076
321909
312216
30933
120438
171025
293807
6335
112576
202801
84011
48597
138578
92190
36317
362266
389745
250666
160258
186931
342674
61818
264571
17700
148234
364683
157414
54396
133768
397033
66273
392236
280990
11499
39613
266402
142301
176848
93313
263081
257856
176763
264009
9265
335850
118900
331992
54164
58571
366649
376110
54335
176921
105850
323300
375280
155461
259456
55018
22009
30884
162041
233332
10974
346299
7202
208856
295858
223651
80007
373509
159794
237104
387121
119974
186590
149540
97061
370946
123209
174968
3222
240290
346238
229120
221869
388744
44752
230866
337949
236652
232111
316965
210980
396276
299081
32447
253633
286080
220929
159501
195428
289559
330967
246882
344126
21118
372850
302841
357249
61513
144450
113626
336289
325193
245539
250508
56056
22302
41859
227301
341660
377782
158220
271382
5664
269661
212872
170427
357933
349876
305807
57374
300558
209137
173564
196295
20520
149223
122830
231354
292501
124491
55507
161772
204217
215655
297653
304879
317111
397949
144816
110086
74587
366393
236396
286043
70387
380553
271211
103653
389709
291354
177129
337302
35328
112430
247065
106912
251606
98477
353831
83254
358409
93166
156474
319089
107876
109060
10473
368492
376232
302072
94351
357054
203241
302987
265157
265352
392004
68471
155449
88100
81093
214142
24060
131791
102200
392114
273433
112808
335093
75661
145609
319186
73036
313364
309945
297799
210663
15259
254438
330112
267085
133597
393688
358543
256636
100552
205548
26172
19788
285506
309433
92239
26734
34351
198284
85854
266096
253352
337144
60585
31238
99990
340488
112271
16943
343369
341026
322592
338450
156633
62440
391015
285885
303976
308529
17371
226252
284578
181084
97927
265584
396191
339500
197003
83754
280599
13928
357029
154460
113834
85171
309323
362828
3198
343211
148173
233198
153971
37293
330698
379601
168022
229902
264949
191302
37098
267110
148893
166106
393053
77822
122513
303695
177544
214508
195867
171782
93984
147672
215326
57240
3723
326999
130582
15076
229548
121097
225031
227375
128495
348875
371800
285018
296810
114725
378221
4553
169426
260164
80922
192693
176445
344309
54298
370946
219171
265804
394787
272933
28125
238679
43250
126883
365721
234589
108462
135770
235761
203912
53480
167522
262727
188348
208124
68056
202850
37318
269576
9314
349876
240900
53798
85036
397778
391540
160209
166643
323093
387231
12195
31836
49147
88589
135856
378331
54957
142411
139542
335142
91067
83950
56678
84231
164970
30799
114371
204620
158500
80593
190301
351792
239851
125052
20349
84621
32508
193072
219611
52613
303866
35120
379076
355650
335654
61574
300643
289010
339158
347447
232905
285946
77224
215997
170268
270552
256025
313876
77748
33069
248640
89956
304147
240656
313290
190838
45912
95461
268648
284957
324423
253169
388537
228363
138871
213971
78749
284310
257612
398864
98452
309152
110122
123453
288473
17322
242390
82033
169194
237617
197967
154301
370616
73329
287386
347117
256624
278975
308322
84060
106668
165691
79018
55116
16650
348277
47547
238947
282076
245930
39307
310336
225556
249519
5285
45387
231513
267744
33680
336790
350291
164653
287228
31678
234296
201116
128788
4846
168779
192681
297897
79421
359569
296346
200311
207794
240278
138712
173564
325193
161711
398107
390758
288375
25611
353013
264998
312045
25623
309518
17310
115347
57582
20068
270235
391088
162041
6225
129642
10046
161174
97695
17468
173052
52821
100430
117667
123001
123953
106021
297872
29847
346287
154997
369457
60414
16333
366612
148295
46143
2526
47437
178899
360789
161906
91482
184197
20886
288729
384069
103689
221417
357750
122232
382409
118936
24427
364012
373021
275069
344737
319052
313925
172539
76918
293258
145426
16406
327866
399768
226789
32947
306479
348789
16602
278670
346543
228962
178826
171990
161699
392553
177227
360142
94912
357017
20484
133597
124881
35584
220734
200787
392175
9131
227692
35389
7202
152067
201202
8777
302890
124466
384569
320224
94180
243354
141056
137064
307296
245136
116324
157756
340855
52088
389001
9900
321591
55262
72084
96035
17151
226215
27710
99502
168315
370152
157609
163029
203289
33057
131791
152494
96584
375206
218182
218207
334897
123429
275423
66542
152458
315073
371422
154069
398510
345591
290292
216913
399230
32703
190008
347764
376757
209418
73366
33008
387719
158415
334653
362608
143754
415
244721
24964
276631
348912
236750
299667
210370
143778
55311
60158
2844
176384
231281
399304
119547
18457
144853
289840
101724
267561
139603
92764
91653
221246
149565
325644
177422
92788
302279
103714
319724
280794
360008
266145
223200
5078
261836
399841
314828
221710
228913
373497
391772
329172
295638
394335
301351
378624
128983
199896
15527
300558
198699
197552
262349
260225
360716
364207
276985
54628
116422
118509
234809
63332
210162
178484
128971
65688
227509
16492
255000
36988
256843
324619
264998
36011
76699
102542
353758
96475
331443
180755
339561
34900
357615
391137
201825
87392
323703
198004
238459
287777
345579
1611
5127
299728
240229
126920
199114
15210
180376
309884
250141
231928
312253
294064
180840
122037
399169
349827
299142
4931
353489
328623
85232
136332
319199
65004
235566
26270
367943
138883
26380
198565
70656
210162
359300
104104
7690
338889
251301
100613
279512
102749
331992
11279
80776
124930
310116
174822
200250
24536
372374
299410
108890
202166
276485
33069
298776
273189
101565
162920
335300
361143
17822
355870
85158
63771
238422
353160
182610
104324
115713
131363
396496
280355
344773
342356
360582
322788
36109
144462
129654
77578
220795
137809
223932
22608
349742
315829
224176
132169
150309
345872
380199
101590
202337
91006
95010
144572
396118
86001
147465
175688
35035
279451
115396
190459
345225
354918
262288
55665
354637
343565
149577
322312
104275
40528
37366
273628
153910
337852
135734
20960
144792
186126
169499
59547
181951
297848
318698
297201
198492
104336
397314
367918
264436
279317
332822
43299
202606
141264
9045
354173
273982
247224
334751
234614
95193
290511
476
101419
350450
214825
186284
381066
60499
257258
82631
396862
371239
232734
287154
28772
24158
172307
139628
358433
271590
227973
57826
111661
398632
356187
136515
111343
14954
93044
72353
152873
78408
133146
77028
114651
13257
25000
241157
116470
85415
95278
11474
337815
397228
314511
43836
108938
64247
216583
94473
87197
336667
184856
12012
330771
27552
216962
292831
82766
210858
81105
62111
77968
151274
176348
143290
384557
228778
209100
278182
193707
220026
198748
160417
169219
299484
124515
144718
169817
322373
326316
94351
156645
352354
171965
229462
298385
396118
303366
38624
86501
307480
374034
316232
73268
223664
390527
388048
44788
95925
370336
387707
41761
277340
28675
246369
40406
130045
6604
58241
306027
214618
353160
284286
231720
223822
173760
56740
74745
223529
157707
47071
203106
163127
296896
159404
264680
17920
108572
112527
91555
326132
74428
372533
352146
282808
8606
298715
363206
353489
267146
165373
274715
169609
311288
321787
239863
268745
137211
152958
182647
41554
284749
103787
375670
48609
337314
228852
40540
268941
25928
130533
183562
43311
49610
148002
278865
74452
324594
259346
211896
246833
374962
159562
295492
28479
377355
176860
371007
17285
371813
89663
7300
194439
151786
306942
9717
247224
145353
74269
51759
324069
200494
368346
241975
383910
186614
141972
238410
102749
125138
382665
123331
299655
161406
246772
250495
244819
90505
132071
277608
212152
349510
350975
196490
38892
188604
267146
373363
254768
133646
157878
211713
143156
52662
264693
50477
96829
338633
94741
309799
230683
321298
35547
96804
213995
220319
345469
84340
284762
352427
382409
274593
8496
304782
333433
260457
344187
187481
307577
197125
379540
277291
254390
96255
298593
365379
370885
55299
343528
321408
259175
234528
133744
386596
97415
394152
104397
308078
86574
204193
226899
227265
235383
139408
174004
34607
346153
171953
92019
103201
263850
74111
142338
113858
250984
143803
375218
84011
350669
165117
297897
313168
200567
216595
99929
357078
160148
339671
97927
143485
13574
279647
362352
141679
111026
312009
288851
98464
10681
366234
76662
53065
284139
59865
276485
343467
147379
55201
170403
316501
180303
151103
346372
54603
396789
122525
229718
31263
128153
320187
334128
207928
382445
42835
394738
284835
341868
294821
345713
218317
261152
141056
104837
316867
29065
72463
327756
28687
55800
393859
94009
333249
148588
46961
87881
48976
238142
281307
36085
170207
218305
185015
165044
145231
361595
88406
240168
208392
372923
252778
349754
78640
144108
56666
195794
136844
271797
292477
254463
194659
200946
185625
368419
367149
56776
148893
333872
361998
27466
284444
44557
97439
160002
45960
155229
361754
32007
273482
27246
26502
361693
213348
318649
126407
18640
335837
181267
117825
97952
362962
27393
228949
119998
118900
228461
13635
18640
215582
308249
221881
180095
185943
193096
98989
395165
277364
81740
26331
387145
117679
97109
15845
378209
66444
282589
371092
356346
63795