263948
357286
357432
130387
249702
301962
140153
363927
307809
139786
125406
106399
202020
42921
6335
249653
343040
120902
29480
128482
303134
326621
127018
373924
306662
234833
231073
220209
158830
105923
332578
378392
275228
47279
247090
388610
74611
284774
50282
363963
397582
157023
345310
38209
13379
44666
124723
229853
77675
247456
189593
35157
203387
221283
287948
62599
7446
188128
335337
221185
195904
130961
279927
375170
249580
186370
174639
377733
373192
247370
218768
196002
370262
388805
331711
240021
306173
327988
221100
208087
22119
332908
308139
161064
362327
190691
72304
138016
376964
248603
178228
25794
163469
340342
146928
395043
8557
209820
334299
15051
293588
45289
378905
360142
25562
336020
81972
19727
56630
64027
81887
125089
54176
43775
285592
104751
84328
21655
219647
81521
271114
348399
63356
23206
194024
36487
126248
359984
286288
15356
332798
180376
96438
196624
276473
118973
75685
362034
205999
47767
153532
286519
306051
284078
164201
309067
234955
27259
186309
163493
282027
136954
258394
82106
106839
365099
332602
384362
23071
154435
329319
363267
389391
315952
354905
281929
69777
297592
145353
92727
326120
357042
198162
291634
304965
150761
55006
120267
81704
252119
197662
128019
223993
110660
219733
306881
237299
165593
136722
11377
55079
25403
296737
76271
135795
26575
354612
144267
329660
83596
371752
16479
277193
342942
104275
38062
302597
353392
341941
131400
363853
65346
360264
89565
22571
171501
148612
342356
195843
301376
276400
207525
52430
182354
60121
39649
216290
279549
93704
289217
39356
227094
204596
284200
106595
363389
98147
147001
135331
282662
152812
258967
231855
115494
28516
84926
67360
50807
150981
370641
336082
211603
134159
125199
257808
397265
3552
1147
287569
204644
282845
284823
194732
240681
6091
309225
74196
138798
318552
302157
52137
91799
327976
81948
248725
13599
69313
13415
360386
242439
45277
236384
24121
297933
205011
379357
126395
4577
223651
171013
218903
294149
345164
361668
204034
399450
250947
367455
252351
352085
16736
49684
314426
296542
220245
41883
389953
333201
62062
36878
116190
2722
162492
246699
38599
324521
96487
247444
325864
301303
129447
21997
91994
2832
16296
212811
288106
140983
326377
397265
125907
248652
356517
398315
396105
175102
94961
242756
43494
210309
298654
179607
161833
150541
146061
371214
170610
218036
128604
69386
336375
146879
42542
289376
201129
148002
144413
193829
280220
65407
132071
399536
192266
36402
14099
219208
183623
168205
329966
51063
9863
143473
183452
328440
136869
267220
151945
242072
23755
67629
133866
47645
50611
363316
397033
170879
253010
109439
290145
122782
26172
335312
80251
37623
361265
85757
378307
246064
375890
279085
215570
95815
102053
393749
233393
232660
93337
296615
48597
353904
214178
124967
257319
247163
173760
135050
139469
126773
166875
229425
326645
80227
184307
275777
295626
237458
355259
129618
350376
275093
84340
73427
354637
268538
345554
184636
77846
304110
95803
145060
216986
63808
370482
4211
156462
195367
223493
209076
328977
279805
74477
212738
39527
9253
225373
374413
215387
387377
109121
63405
344102
364964
32886
279500
262459
123197
178337
102200
58717
17078
221308
81411
350560
391454
333762
282015
201324
82204
129984
94863
137089
15234
320065
326682
326987
115408
32691
281319
189251
338267
170220
345030
285726
36866
157988
388012
366893
76332
50880
94961
30396
308432
159404
337022
255281
18933
157646
97549
274422
360118
235908
64381
47914
380822
260347
201019
399621
66762
302084
9082
279439
3503
98416
394885
14038
274520
8532
252156
8264
206927
226215
273958
159782
377440
12146
305734
249592
90908
108243
352464
170769
144047
96438
352110
258052
86794
264583
28040
180596
193877
141825
332822
260628
158977
66078
195892
80312
324094
345970
87685
239423
256477
379796
112710
126261
85927
294088
143888
364464
214484
264180
110916
397900
11426
79250
355015
276558
305941
114493
162553
305551
289840
272725
390124
20032
43067
58058
293465
148295
94265
344212
72829
225666
29004
399621
47279
321738
358238
332273
370360
343357
59291
116544
199578
175811
2209
164531
232563
125003
273482
204339
321823
122635
10180
228070
81069
357396
156645
271736
195501
194280
156254
389696
348289
44850
191021
386169
276192
250605
381163
266243
266451
42200
157487
168987
7593
237055
18823
344944
106729
337510
87185
340842
385631
92495
73000
353685
68288
184868
263093
316953
372423
107022
143742
81325
217291
287313
271504
252424
360484
129740
4004
248066
276046
229486
303671
337583
286654
26612
226239
225666
62001
360631
307333
143241
396276
188274
258857
207855
176848
127201
188286
16077
257136
87795
352928
230561
145561
55848
261970
123905
23657
88552
138627
42274
5468
186162
354966
350962
350889
102029
251863
224384
145341
153447
356639
243293
158513
295614
210809
161381
194366
121573
220612
203997
245051
250373
142484
61293
161333
165837
216425
338572
351805
168950
359312
225946
223603
105679
231025
150236
76955
133329
385656
371263
366222
187542
120352
285213
39674
212652
234430
197576
270931
217719
310934
328049
94082
221015
333628
9973
255317
345091
251374
246931
193426
325302
102871
188616
61757
293990
313962
289022
304049
103006
380053
308981
296603
247016
346275
125736
169512
50038
97769
312228
119144
177825
72646
48084
124637
338499
10010
125528
380736
33924
145805
211957
159550
24512
268648
132328
213800
369566
248420
333433
33790
306112
249995
92703
270979
228437
244611
234138
40321
230927
231415
113638
214105
276607
381627
36500
19617
54078
117862
69362
53297
385204
141239
9131
223737
245979
18420
271651
136075
63344
141508
62074
30359
150138
272920
190130
186309
140897
288155
92117
106888
290951
128421
22608
193401
101248
176238
378160
24439
331553
265865
315414
351268
264229
141679
26465
122013
281600
376561
33606
47425
18799
162858
266060
20422
155107
188787
281417
302084
105960
212128
193926
186492
78249
344370
72450
57142
151493
57362
170390
147025
47157
325205
150102
315329
248860
113626
64442
152897
135758
229828
57777
129203
191888
144621
349021
293136
353563
12
59242
40247
357725
214300
46302
258931
153483
97305
308969
167912
239533
288412
323093
157768
389696
29554
72365
148722
229401
86086
136039
377452
125357
327573
196197
125247
251057
381420
327048
100137
290499
371568
28785
385302
42750
154911
168486
66469
189800
67799
390441
50831
290072
395226
358604
389599
60414
175151
193621
17151
208697
150566
66750
219183
79787
81594
313425
141923
377269
30347
28760
55616
223444
230866
307736
284188
20142
356749
92214
313925
172820
398950
387682
393481
340318
366197
11792
137882
73085
220648
237800
48866
302084
61049
294564
64149
140946
366234
286495
248066
63966
311081
295284
136210
322421
367870
226252
246406
61488
5017
361741
268538
708
296273
383983
245954